#
# MIRI Filter transmission measurement
#
# Column 1: Wavelength (microns)
# Column 2: Transmission 1 (0-1) - ignored
# Column 2: Transmission 2 (0-1) - use this value
  1.30   0.0003295   0.0010103
  1.31   0.0000103   0.0011237
  1.32   0.0001619   0.0018381
  1.33   0.0001242   0.0011383
  1.34   0.0003710   0.0012460
  1.35  -0.0001291   0.0003237
  1.36   0.0004777   0.0000792
  1.37   0.0006825   0.0003515
  1.38  -0.0000990   0.0007411
  1.39   0.0005024   0.0013907
  1.40   0.0006620   0.0006727
  1.41   0.0000804   0.0005954
  1.42   0.0002793  -0.0000418
  1.43   0.0003614   0.0005220
  1.44   0.0006109   0.0009655
  1.45   0.0007869   0.0008796
  1.46   0.0004979   0.0006190
  1.47   0.0000234   0.0008118
  1.48   0.0001922   0.0001320
  1.49  -0.0002104   0.0001135
  1.50   0.0004000   0.0002401
  1.51   0.0000099   0.0002817
  1.52   0.0003068   0.0003216
  1.53   0.0003971   0.0003063
  1.54   0.0001808   0.0005712
  1.55  -0.0000528   0.0000415
  1.56   0.0001804  -0.0000248
  1.57   0.0001526   0.0001624
  1.58  -0.0001190   0.0002666
  1.59  -0.0001964   0.0002678
  1.60  -0.0000098   0.0003644
  1.61  -0.0000079   0.0002491
  1.62   0.0002204   0.0004075
  1.63   0.0001172   0.0002516
  1.64   0.0000004   0.0001478
  1.65  -0.0000788   0.0001436
  1.66   0.0001552   0.0003718
  1.67   0.0000922   0.0002440
  1.68   0.0001000   0.0002425
  1.69   0.0001930   0.0006980
  1.70   0.0000817   0.0005834
  1.71   0.0001343   0.0002520
  1.72   0.0001572   0.0000576
  1.73   0.0001070   0.0001829
  1.74   0.0002476   0.0001455
  1.75   0.0000922   0.0002106
  1.76   0.0000911   0.0001794
  1.77   0.0001089   0.0001241
  1.78  -0.0000441   0.0003426
  1.79   0.0001216   0.0001651
  1.80   0.0000678   0.0003373
  1.81   0.0001806   0.0001662
  1.82  -0.0000032   0.0005809
  1.83   0.0000747   0.0001841
  1.84   0.0000499   0.0001705
  1.85   0.0000109   0.0002176
  1.86   0.0001509   0.0001003
  1.87   0.0001343   0.0002107
  1.88   0.0002727   0.0000656
  1.89   0.0000076   0.0002960
  1.90   0.0001983   0.0001559
  1.91   0.0001444   0.0001114
  1.92   0.0001148   0.0000465
  1.93   0.0000950   0.0001316
  1.94   0.0000441   0.0000674
  1.95   0.0001291   0.0001188
  1.96  -0.0000671  -0.0001327
  1.97  -0.0000694  -0.0000398
  1.98   0.0001549  -0.0000498
  1.99   0.0000789   0.0000708
  2.00   0.0001187   0.0000780
  2.01   0.0000940   0.0001004
  2.02   0.0001501   0.0000035
  2.03   0.0000771   0.0000749
  2.04   0.0001219   0.0000755
  2.05   0.0000992   0.0000905
  2.06   0.0000673   0.0001109
  2.07   0.0000742   0.0000366
  2.08   0.0000997   0.0000144
  2.09   0.0000197   0.0000889
  2.10  -0.0000073   0.0001519
  2.11   0.0000267   0.0000606
  2.12   0.0000515  -0.0000003
  2.13   0.0000409  -0.0000256
  2.14   0.0000018   0.0000778
  2.15   0.0000352   0.0000277
  2.16   0.0000670   0.0000216
  2.17   0.0000819  -0.0000348
  2.18   0.0000350   0.0000200
  2.19  -0.0000155   0.0000785
  2.20   0.0000257   0.0001474
  2.21   0.0000527   0.0001724
  2.22   0.0000382   0.0001419
  2.23  -0.0000019   0.0001185
  2.24  -0.0000058   0.0001321
  2.25   0.0000045   0.0001038
  2.26   0.0000324  -0.0000402
  2.27   0.0000307   0.0000695
  2.28  -0.0000016   0.0000777
  2.29   0.0000641   0.0001171
  2.30   0.0000703   0.0000159
  2.31   0.0000753  -0.0000630
  2.32   0.0000297   0.0001325
  2.33   0.0000400   0.0000874
  2.34   0.0001125   0.0001466
  2.35  -0.0000104   0.0001037
  2.36   0.0000056   0.0001939
  2.37   0.0000685   0.0001501
  2.38   0.0000639   0.0001405
  2.39   0.0000397   0.0002011
  2.40   0.0000101   0.0001236
  2.41   0.0000477   0.0000366
  2.42   0.0000307   0.0001660
  2.43   0.0000189   0.0001868
  2.44   0.0000415   0.0001366
  2.45   0.0000282   0.0002192
  2.46   0.0000571   0.0000834
  2.47   0.0000636   0.0000778
  2.48   0.0000141   0.0001099
  2.49   0.0000461   0.0001787
  2.50   0.0000253   0.0001111
  2.51   0.0000167   0.0000187
  2.52   0.0000103   0.0001075
  2.53   0.0000126   0.0002763
  2.54  -0.0000052   0.0003238
  2.55  -0.0000219   0.0003378
  2.56   0.0000293   0.0002687
  2.57  -0.0000298   0.0003209
  2.58   0.0000471   0.0003836
  2.59   0.0001246   0.0004130
  2.60   0.0002439   0.0003403
  2.61   0.0003282   0.0003993
  2.62   0.0003458   0.0004613
  2.63   0.0004161   0.0005035
  2.64   0.0003078   0.0003750
  2.65   0.0003003   0.0002933
  2.66   0.0003022   0.0003737
  2.67   0.0005212   0.0005604
  2.68   0.0005036   0.0005980
  2.69   0.0003345   0.0004844
  2.70   0.0004665   0.0005613
  2.71   0.0004174   0.0007169
  2.72   0.0005828   0.0007784
  2.73   0.0005162   0.0005676
  2.74   0.0005657   0.0005012
  2.75   0.0004637   0.0006416
  2.76   0.0005072   0.0007124
  2.77   0.0006070   0.0007394
  2.78   0.0005094   0.0006466
  2.79   0.0004032   0.0005958
  2.80   0.0003962   0.0005419
  2.81   0.0004165   0.0005879
  2.82   0.0004349   0.0005615
  2.83   0.0004698   0.0005598
  2.84   0.0003868   0.0004825
  2.85   0.0003387   0.0004812
  2.86   0.0003347   0.0005701
  2.87   0.0003909   0.0005210
  2.88   0.0003211   0.0004940
  2.89   0.0003161   0.0003465
  2.90   0.0002867   0.0003448
  2.91   0.0002275   0.0003335
  2.92   0.0002977   0.0004083
  2.93   0.0001980   0.0003514
  2.94   0.0000587   0.0002256
  2.95   0.0001933   0.0002241
  2.96   0.0002740   0.0002559
  2.97   0.0001912   0.0002563
  2.98   0.0002219   0.0002459
  2.99   0.0002303   0.0001874
  3.00   0.0001505   0.0001488
  3.01   0.0001192   0.0001390
  3.02   0.0001273   0.0001552
  3.03   0.0001489   0.0001622
  3.04   0.0001195   0.0002160
  3.05   0.0001510   0.0001913
  3.06   0.0001452   0.0000938
  3.07   0.0001565   0.0000743
  3.08   0.0001429   0.0000923
  3.09   0.0001523   0.0001111
  3.10   0.0001721   0.0000338
  3.11   0.0000961   0.0000129
  3.12   0.0000807   0.0001372
  3.13   0.0000770   0.0000597
  3.14   0.0000900   0.0000331
  3.15   0.0000495   0.0000097
  3.16   0.0000311   0.0000132
  3.17  -0.0000005   0.0000644
  3.18   0.0000171   0.0001150
  3.19   0.0000692   0.0001553
  3.20   0.0000707   0.0001910
  3.21   0.0000574   0.0001757
  3.22   0.0000136   0.0001435
  3.23  -0.0000103   0.0000761
  3.24  -0.0000132   0.0000853
  3.25  -0.0000211   0.0000860
  3.26  -0.0000189   0.0001521
  3.27  -0.0000126   0.0001805
  3.28  -0.0000202   0.0002638
  3.29   0.0000188   0.0002742
  3.30   0.0000304   0.0002696
  3.31   0.0000091   0.0002297
  3.32  -0.0000230   0.0002615
  3.33  -0.0000085   0.0001892
  3.34  -0.0000214   0.0001907
  3.35  -0.0000114   0.0002347
  3.36  -0.0000074   0.0003189
  3.37  -0.0000253   0.0003651
  3.38   0.0000138   0.0001175
  3.39   0.0000225   0.0000752
  3.40   0.0000900   0.0001313
  3.41   0.0001366   0.0000782
  3.42   0.0000374   0.0001121
  3.43  -0.0000497   0.0000227
  3.44  -0.0000411  -0.0000134
  3.45  -0.0000248  -0.0000299
  3.46  -0.0000195  -0.0000020
  3.47   0.0000069  -0.0000203
  3.48  -0.0000336   0.0000261
  3.49  -0.0000148   0.0000459
  3.50  -0.0000130   0.0000787
  3.51   0.0000108   0.0000640
  3.52   0.0000062   0.0000750
  3.53   0.0000301   0.0000804
  3.54  -0.0000236   0.0000967
  3.55  -0.0000179   0.0001127
  3.56   0.0000133   0.0001091
  3.57   0.0000260   0.0001041
  3.58   0.0000411   0.0000828
  3.59  -0.0000071   0.0000862
  3.60   0.0000192   0.0001299
  3.61   0.0000072   0.0001111
  3.62  -0.0000006   0.0001129
  3.63  -0.0000087   0.0000938
  3.64  -0.0000097   0.0000648
  3.65   0.0000111   0.0001308
  3.66   0.0000370   0.0000647
  3.67  -0.0000063   0.0000634
  3.68  -0.0000038   0.0000605
  3.69  -0.0000100   0.0000418
  3.70   0.0000218   0.0000747
  3.71  -0.0000015   0.0000105
  3.72  -0.0000053   0.0000064
  3.73   0.0000184  -0.0000180
  3.74  -0.0000430  -0.0000002
  3.75  -0.0000139  -0.0000105
  3.76   0.0000060   0.0000518
  3.77  -0.0000410   0.0000488
  3.78  -0.0000779   0.0000349
  3.79  -0.0000429   0.0000474
  3.80   0.0000017   0.0000487
  3.81  -0.0000208   0.0000982
  3.82  -0.0000040   0.0000521
  3.83   0.0000385   0.0000891
  3.84   0.0000125   0.0001244
  3.85  -0.0000004   0.0000894
  3.86   0.0000324   0.0001155
  3.87   0.0000588   0.0001243
  3.88   0.0000181   0.0000834
  3.89   0.0000468   0.0001190
  3.90  -0.0000089   0.0001011
  3.91  -0.0000253   0.0001181
  3.92   0.0000060   0.0001574
  3.93  -0.0000332   0.0001630
  3.94   0.0000065   0.0001708
  3.95   0.0000154   0.0001603
  3.96  -0.0000324   0.0001833
  3.97  -0.0000350   0.0001313
  3.98  -0.0000208   0.0001693
  3.99  -0.0000814   0.0001558
  4.00  -0.0000286   0.0001811
  4.01  -0.0000832   0.0001126
  4.02  -0.0000021   0.0001310
  4.03  -0.0000349   0.0001746
  4.04  -0.0000158   0.0001581
  4.05   0.0000059   0.0001691
  4.06  -0.0000345   0.0001467
  4.07   0.0000024   0.0001429
  4.08  -0.0000286   0.0001572
  4.09  -0.0000032   0.0001584
  4.10   0.0000196   0.0000951
  4.11   0.0000202   0.0000271
  4.12   0.0000685   0.0000543
  4.13   0.0000263   0.0000330
  4.14   0.0000646   0.0000134
  4.15   0.0000590   0.0000183
  4.16   0.0000480  -0.0000290
  4.17   0.0000297  -0.0000130
  4.18   0.0000521   0.0000257
  4.19   0.0000679   0.0000054
  4.20   0.0000672  -0.0000009
  4.21   0.0000932   0.0000905
  4.22   0.0002452   0.0000712
  4.23   0.0001874   0.0002879
  4.24   0.0005347   0.0001762
  4.25   0.0002233   0.0000464
  4.26   0.0002490   0.0000518
  4.27   0.0001691  -0.0001399
  4.28   0.0004151  -0.0000828
  4.29   0.0003225  -0.0000771
  4.30   0.0001861  -0.0002233
  4.31   0.0001478  -0.0000899
  4.32   0.0000942  -0.0001156
  4.33   0.0000683  -0.0000828
  4.34   0.0001015  -0.0000596
  4.35   0.0000575  -0.0000440
  4.36   0.0000563  -0.0000650
  4.37   0.0001632  -0.0000098
  4.38   0.0000964  -0.0000824
  4.39   0.0001157  -0.0001812
  4.40   0.0001199  -0.0001360
  4.41   0.0001500  -0.0001669
  4.42   0.0000792  -0.0001733
  4.43   0.0000738  -0.0002072
  4.44   0.0000460  -0.0001645
  4.45   0.0000812  -0.0001567
  4.46  -0.0000129  -0.0001589
  4.47   0.0000712  -0.0001706
  4.48   0.0000765  -0.0000989
  4.49   0.0000990  -0.0001481
  4.50  -0.0000087  -0.0002108
  4.51   0.0000502  -0.0001979
  4.52   0.0000234  -0.0002207
  4.53   0.0000698  -0.0002027
  4.54  -0.0000143  -0.0002654
  4.55  -0.0000283  -0.0002554
  4.56  -0.0000276  -0.0002254
  4.57   0.0000191  -0.0001338
  4.58  -0.0000072  -0.0000960
  4.59  -0.0000635  -0.0000810
  4.60  -0.0000774  -0.0000833
  4.61  -0.0000603   0.0000060
  4.62  -0.0000326   0.0000706
  4.63  -0.0000748   0.0000298
  4.64  -0.0000863   0.0000911
  4.65  -0.0001298   0.0000871
  4.66  -0.0001122   0.0000866
  4.67  -0.0001128   0.0000439
  4.68  -0.0000705   0.0000071
  4.69  -0.0000901  -0.0000026
  4.70  -0.0000409   0.0000126
  4.71  -0.0000366   0.0000073
  4.72  -0.0000403   0.0000151
  4.73  -0.0000648   0.0000653
  4.74  -0.0000809   0.0000807
  4.75  -0.0000473   0.0002112
  4.76  -0.0000878   0.0002305
  4.77  -0.0000835   0.0003036
  4.78  -0.0001319   0.0003848
  4.79  -0.0000844   0.0004433
  4.80  -0.0001003   0.0005321
  4.81  -0.0000968   0.0006988
  4.82  -0.0001028   0.0010092
  4.83  -0.0001351   0.0014956
  4.84  -0.0000834   0.0022540
  4.85  -0.0001053   0.0035087
  4.86  -0.0000262   0.0053445
  4.87   0.0000150   0.0079619
  4.88   0.0000471   0.0108605
  4.89   0.0000898   0.0135001
  4.90   0.0000948   0.0156057
  4.91   0.0002418   0.0171183
  4.92   0.0002977   0.0186426
  4.93   0.0004966   0.0205538
  4.94   0.0007681   0.0233169
  4.95   0.0011415   0.0274266
  4.96   0.0018175   0.0334271
  4.97   0.0027402   0.0422063
  4.98   0.0039807   0.0552548
  4.99   0.0053253   0.0744754
  5.00   0.0066709   0.1032811
  5.01   0.0078152   0.1460091
  5.02   0.0088155   0.2088530
  5.03   0.0097706   0.2951368
  5.04   0.0108445   0.4055320
  5.05   0.0122741   0.5310349
  5.06   0.0143425   0.6515099
  5.07   0.0171893   0.7455035
  5.08   0.0212766   0.8029512
  5.09   0.0272250   0.8234359
  5.10   0.0358923   0.8210433
  5.11   0.0488660   0.8074913
  5.12   0.0685006   0.7905327
  5.13   0.0982032   0.7755306
  5.14   0.1429146   0.7665621
  5.15   0.2092953   0.7643891
  5.16   0.2989557   0.7644266
  5.17   0.4087256   0.7747314
  5.18   0.5217684   0.7905928
  5.19   0.6159563   0.8100089
  5.20   0.6794855   0.8327910
  5.21   0.7153912   0.8514622
  5.22   0.7344151   0.8602907
  5.23   0.7462878   0.8620037
  5.24   0.7575269   0.8564440
  5.25   0.7690038   0.8402072
  5.26   0.7808601   0.8191496
  5.27   0.7916079   0.7960427
  5.28   0.7994778   0.7730370
  5.29   0.8032406   0.7539727
  5.30   0.8017103   0.7339011
  5.31   0.7960086   0.7200068
  5.32   0.7873020   0.7119319
  5.33   0.7772199   0.7092264
  5.34   0.7671889   0.7121007
  5.35   0.7586529   0.7260274
  5.36   0.7512822   0.7318050
  5.37   0.7472667   0.7435298
  5.38   0.7461850   0.7606191
  5.39   0.7482300   0.7784402
  5.40   0.7531503   0.7965251
  5.41   0.7605119   0.8153308
  5.42   0.7710403   0.8375117
  5.43   0.7817552   0.8389579
  5.44   0.7935616   0.8383800
  5.45   0.8067403   0.8337790
  5.46   0.8207860   0.8297621
  5.47   0.8344807   0.8157216
  5.48   0.8466306   0.7974289
  5.49   0.8565365   0.7748919
  5.50   0.8640119   0.7590451
  5.51   0.8677229   0.7463692
  5.52   0.8673238   0.7412681
  5.53   0.8614389   0.7367191
  5.54   0.8515377   0.7386071
  5.55   0.8386331   0.7516910
  5.56   0.8223111   0.7643962
  5.57   0.8062377   0.7828063
  5.58   0.7908924   0.8123103
  5.59   0.7761588   0.8245392
  5.60   0.7665768   0.8455203
  5.61   0.7606258   0.8642264
  5.62   0.7590878   0.8771567
  5.63   0.7619340   0.8837227
  5.64   0.7704777   0.8956019
  5.65   0.7807719   0.8857739
  5.66   0.7927921   0.8685613
  5.67   0.8060778   0.8583037
  5.68   0.8194070   0.8490503
  5.69   0.8296609   0.8387041
  5.70   0.8367216   0.8301031
  5.71   0.8407697   0.8361094
  5.72   0.8393521   0.8356803
  5.73   0.8342285   0.8326660
  5.74   0.8279721   0.8393719
  5.75   0.8203886   0.8470437
  5.76   0.8142902   0.8577517
  5.77   0.8089027   0.8725664
  5.78   0.8039077   0.8662603
  5.79   0.8023195   0.8653725
  5.80   0.8041283   0.8698470
  5.81   0.8084260   0.8759494
  5.82   0.8161601   0.8944225
  5.83   0.8225006   0.8899569
  5.84   0.8275441   0.8760563
  5.85   0.8333872   0.8726164
  5.86   0.8396230   0.8782486
  5.87   0.8437665   0.8753881
  5.88   0.8483627   0.8844002
  5.89   0.8485998   0.8682995
  5.90   0.8472012   0.8495247
  5.91   0.8445033   0.8289118
  5.92   0.8428943   0.8211463
  5.93   0.8417705   0.8199366
  5.94   0.8378176   0.8202344
  5.95   0.8299774   0.7952070
  5.96   0.8231171   0.7884885
  5.97   0.8146188   0.7938501
  5.98   0.8040955   0.7938051
  5.99   0.7930045   0.8033671
  6.00   0.7795063   0.7985086
  6.01   0.7689313   0.8091219
  6.02   0.7579392   0.8166100
  6.03   0.7496684   0.8194316
  6.04   0.7466087   0.8388055
  6.05   0.7463345   0.8577828
  6.06   0.7446301   0.8353608
  6.07   0.7491946   0.8405379
  6.08   0.7545170   0.8188873
  6.09   0.7602626   0.7958194
  6.10   0.7665647   0.7818380
  6.11   0.7725142   0.7701340
  6.12   0.7725299   0.7245308
  6.13   0.7675272   0.6702307
  6.14   0.7603046   0.6173791
  6.15   0.7495437   0.5528442
  6.16   0.7353751   0.4823786
  6.17   0.7177463   0.4071149
  6.18   0.6997664   0.3452023
  6.19   0.6728170   0.2816826
  6.20   0.6420156   0.2306787
  6.21   0.6020631   0.1914798
  6.22   0.5492335   0.1594076
  6.23   0.4866855   0.1341455
  6.24   0.4178419   0.1149316
  6.25   0.3483001   0.0998561
  6.26   0.2848742   0.0883832
  6.27   0.2295800   0.0793837
  6.28   0.1841921   0.0720204
  6.29   0.1488686   0.0662574
  6.30   0.1211518   0.0609664
  6.31   0.1002327   0.0561603
  6.32   0.0845153   0.0514199
  6.33   0.0724484   0.0462987
  6.34   0.0637532   0.0414169
  6.35   0.0560079   0.0350187
  6.36   0.0510245   0.0293305
  6.37   0.0470558   0.0243148
  6.38   0.0436058   0.0193345
  6.39   0.0409693   0.0155333
  6.40   0.0386305   0.0126676
  6.41   0.0360424   0.0106837
  6.42   0.0319128   0.0083437
  6.43   0.0283343   0.0066662
  6.44   0.0242303   0.0054980
  6.45   0.0201101   0.0046446
  6.46   0.0161626   0.0038974
  6.47   0.0130849   0.0034241
  6.48   0.0103273   0.0030717
  6.49   0.0080484   0.0028371
  6.50   0.0061588   0.0025664
  6.51   0.0049262   0.0022335
  6.52   0.0041158   0.0021908
  6.53   0.0032077   0.0019982
  6.54   0.0027559   0.0019690
  6.55   0.0023741   0.0019345
  6.56   0.0019911   0.0018054
  6.57   0.0018545   0.0018667
  6.58   0.0014919   0.0016975
  6.59   0.0014424   0.0017137
  6.60   0.0013333   0.0016049
  6.61   0.0012404   0.0014712
  6.62   0.0010892   0.0012781
  6.63   0.0010544   0.0011284
  6.64   0.0009544   0.0009285
  6.65   0.0010164   0.0007796
  6.66   0.0009629   0.0005950
  6.67   0.0009245   0.0004179
  6.68   0.0009152   0.0001934
  6.69   0.0009152   0.0000223
  6.70   0.0008361  -0.0000246
  6.71   0.0006921  -0.0000656
  6.72   0.0005587  -0.0001219
  6.73   0.0005410  -0.0000754
  6.74   0.0004479  -0.0001240
  6.75   0.0004078  -0.0001670
  6.76   0.0002558  -0.0002634
  6.77   0.0002067  -0.0002447
  6.78   0.0001788  -0.0002523
  6.79   0.0001410  -0.0002732
  6.80   0.0001127  -0.0002197
  6.81   0.0000260  -0.0002594
  6.82   0.0000780  -0.0002001
  6.83   0.0000377  -0.0002076
  6.84   0.0000779  -0.0001220
  6.85   0.0000263  -0.0001506
  6.86  -0.0000225  -0.0001665
  6.87  -0.0000092  -0.0001533
  6.88   0.0000212  -0.0001253
  6.89   0.0000296  -0.0001046
  6.90  -0.0000536  -0.0001271
  6.91  -0.0000468  -0.0001415
  6.92  -0.0000186  -0.0000902
  6.93   0.0000313  -0.0000351
  6.94   0.0000014  -0.0000835
  6.95  -0.0000145  -0.0001093
  6.96  -0.0000671  -0.0001405
  6.97  -0.0000598  -0.0001433
  6.98  -0.0000840  -0.0001672
  6.99  -0.0000562  -0.0001385
  7.00  -0.0001181  -0.0001867
  7.01  -0.0000581  -0.0001650
  7.02  -0.0000810  -0.0002246
  7.03   0.0000224  -0.0002190
  7.04  -0.0000866  -0.0003583
  7.05  -0.0000782  -0.0003306
  7.06  -0.0001078  -0.0003620
  7.07  -0.0000041  -0.0003290
  7.08  -0.0000212  -0.0003214
  7.09  -0.0000446  -0.0002725
  7.10  -0.0000749  -0.0002936
  7.11  -0.0000392  -0.0003259
  7.12   0.0000087  -0.0003999
  7.13   0.0000259  -0.0004133
  7.14   0.0000275  -0.0003836
  7.15  -0.0000305  -0.0003657
  7.16  -0.0000149  -0.0003287
  7.17  -0.0000075  -0.0003370
  7.18   0.0000097  -0.0003286
  7.19  -0.0000024  -0.0002960
  7.20  -0.0000207  -0.0002934
  7.21   0.0000067  -0.0003021
  7.22   0.0000494  -0.0003096
  7.23   0.0000762  -0.0003094
  7.24   0.0000550  -0.0003182
  7.25   0.0000453  -0.0003269
  7.26   0.0000528  -0.0003178
  7.27   0.0000136  -0.0003290
  7.28   0.0000576  -0.0003053
  7.29  -0.0000037  -0.0003549
  7.30   0.0000352  -0.0002808
  7.31  -0.0000914  -0.0003446
  7.32  -0.0000188  -0.0003041
  7.33  -0.0000445  -0.0003179
  7.34   0.0000140  -0.0002524
  7.35  -0.0000161  -0.0003116
  7.36  -0.0000091  -0.0003020
  7.37  -0.0000287  -0.0002565
  7.38  -0.0000361  -0.0002328
  7.39  -0.0000054  -0.0002398
  7.40  -0.0000081  -0.0002609
  7.41  -0.0000291  -0.0002546
  7.42  -0.0000445  -0.0002558
  7.43  -0.0000435  -0.0002429
  7.44   0.0000148  -0.0002614
  7.45   0.0000010  -0.0002812
  7.46  -0.0000031  -0.0002664
  7.47  -0.0000276  -0.0002753
  7.48  -0.0000152  -0.0002929
  7.49   0.0000192  -0.0002768
  7.50   0.0000420  -0.0002338
  7.51   0.0000647  -0.0002063
  7.52   0.0000700  -0.0002088
  7.53   0.0000476  -0.0002032
  7.54   0.0000595  -0.0001484
  7.55   0.0000588  -0.0001374
  7.56   0.0001172  -0.0001029
  7.57   0.0000988  -0.0001023
  7.58   0.0000615  -0.0000941
  7.59   0.0000751  -0.0000638
  7.60   0.0000442  -0.0000915
  7.61   0.0001173  -0.0000348
  7.62   0.0000965  -0.0000828
  7.63   0.0001433  -0.0000590
  7.64   0.0001139  -0.0000627
  7.65   0.0000849  -0.0000660
  7.66   0.0001098  -0.0000610
  7.67   0.0001052  -0.0001029
  7.68   0.0001478  -0.0000791
  7.69   0.0001276  -0.0000654
  7.70   0.0001003  -0.0000194
  7.71   0.0000903   0.0000024
  7.72   0.0000866  -0.0000068
  7.73   0.0000793  -0.0000081
  7.74   0.0000779   0.0000028
  7.75   0.0000595  -0.0000167
  7.76   0.0000722  -0.0000287
  7.77   0.0000709  -0.0000514
  7.78   0.0000838  -0.0000650
  7.79   0.0001241  -0.0000478
  7.80   0.0001143  -0.0000242
  7.81   0.0001038  -0.0000072
  7.82   0.0000797  -0.0000081
  7.83   0.0000590   0.0000012
  7.84   0.0000680   0.0000243
  7.85   0.0001021   0.0000274
  7.86   0.0000942  -0.0000222
  7.87   0.0001199   0.0000160
  7.88   0.0000981   0.0000616
  7.89   0.0000693   0.0000912
  7.90   0.0000905   0.0001093
  7.91   0.0000833   0.0000677
  7.92   0.0001613   0.0000794
  7.93   0.0001551   0.0000390
  7.94   0.0001038  -0.0000041
  7.95   0.0000984   0.0000223
  7.96   0.0000409   0.0000190
  7.97   0.0000842   0.0000581
  7.98   0.0001169   0.0000677
  7.99   0.0001196   0.0000660
  8.00   0.0001383   0.0001112
  8.01   0.0000756   0.0001051
  8.02   0.0000221   0.0001143
  8.03   0.0000120   0.0001294
  8.04   0.0000389   0.0001387
  8.05   0.0000670   0.0001549
  8.06   0.0000816   0.0001474
  8.07   0.0000643   0.0001284
  8.08   0.0000321   0.0001093
  8.09   0.0000150   0.0000950
  8.10  -0.0000169   0.0000875
  8.11  -0.0000054   0.0000942
  8.12   0.0000246   0.0000972
  8.13   0.0000279   0.0000820
  8.14   0.0000277   0.0000794
  8.15   0.0000065   0.0000865
  8.16  -0.0000091   0.0000936
  8.17   0.0000064   0.0000944
  8.18   0.0000384   0.0001015
  8.19   0.0000527   0.0000920
  8.20   0.0000540   0.0000763
  8.21   0.0000519   0.0000672
  8.22   0.0000213   0.0000491
  8.23   0.0000354   0.0000572
  8.24   0.0000627   0.0000659
  8.25   0.0000548   0.0000452
  8.26   0.0000940   0.0000623
  8.27   0.0000874   0.0000522
  8.28   0.0000603   0.0000325
  8.29   0.0001030   0.0000634
  8.30   0.0000961   0.0000396
  8.31   0.0001089   0.0000324
  8.32   0.0001551   0.0000705
  8.33   0.0001319   0.0000873
  8.34   0.0001267   0.0001251
  8.35   0.0001195   0.0001541
  8.36   0.0000819   0.0001441
  8.37   0.0000985   0.0001611
  8.38   0.0001241   0.0001708
  8.39   0.0001325   0.0001626
  8.40   0.0001248   0.0001577
  8.41   0.0001037   0.0001313
  8.42   0.0000816   0.0001070
  8.43   0.0000746   0.0001143
  8.44   0.0001030   0.0001292
  8.45   0.0001167   0.0001318
  8.46   0.0000957   0.0001262
  8.47   0.0000898   0.0001660
  8.48   0.0000671   0.0002086
  8.49   0.0000424   0.0002318
  8.50   0.0000623   0.0002246
  8.51   0.0000850   0.0002167
  8.52   0.0001024   0.0002285
  8.53   0.0001126   0.0002707
  8.54   0.0000815   0.0003005
  8.55   0.0000336   0.0003075
  8.56  -0.0000010   0.0002961
  8.57  -0.0000070   0.0003069
  8.58   0.0000028   0.0003247
  8.59   0.0000196   0.0003353
  8.60   0.0000524   0.0003354
  8.61   0.0000653   0.0003164
  8.62   0.0000526   0.0002892
  8.63   0.0000722   0.0003105
  8.64   0.0000567   0.0003312
  8.65   0.0000063   0.0003350
  8.66   0.0000318   0.0003522
  8.67   0.0000516   0.0003379
  8.68   0.0000431   0.0002997
  8.69   0.0000581   0.0003315
  8.70   0.0000351   0.0003568
  8.71  -0.0000247   0.0003508
  8.72  -0.0000173   0.0003519
  8.73  -0.0000008   0.0003490
  8.74   0.0000034   0.0003516
  8.75   0.0000356   0.0004263
  8.76   0.0000655   0.0004832
  8.77   0.0000740   0.0004718
  8.78   0.0000757   0.0004469
  8.79   0.0000626   0.0004227
  8.80   0.0000329   0.0004075
  8.81   0.0000246   0.0003893
  8.82   0.0000439   0.0003770
  8.83   0.0000881   0.0003819
  8.84   0.0001091   0.0003905
  8.85   0.0001040   0.0003909
  8.86   0.0000926   0.0003676
  8.87   0.0000565   0.0003232
  8.88   0.0000099   0.0002725
  8.89   0.0000183   0.0002598
  8.90   0.0000365   0.0002612
  8.91   0.0000378   0.0002600
  8.92   0.0000425   0.0002490
  8.93   0.0000468   0.0002359
  8.94   0.0000440   0.0002320
  8.95   0.0000440   0.0002470
  8.96   0.0000466   0.0002720
  8.97   0.0000423   0.0002761
  8.98   0.0000438   0.0002677
  8.99   0.0000554   0.0002550
  9.00   0.0000634   0.0002645
  9.01   0.0000572   0.0002785
  9.02   0.0000230   0.0002661
  9.03   0.0000105   0.0002554
  9.04   0.0000253   0.0002484
  9.05   0.0000220   0.0002191
  9.06   0.0000279   0.0001937
  9.07   0.0000654   0.0001945
  9.08   0.0000635   0.0001743
  9.09   0.0000262   0.0001451
  9.10   0.0000144   0.0001749
  9.11  -0.0000033   0.0002060
  9.12  -0.0000422   0.0002011
  9.13  -0.0000398   0.0001997
  9.14  -0.0000077   0.0002044
  9.15  -0.0000096   0.0002000
  9.16  -0.0000103   0.0002048
  9.17   0.0000078   0.0002288
  9.18  -0.0000093   0.0002387
  9.19  -0.0000539   0.0002354
  9.20  -0.0000767   0.0002515
  9.21  -0.0000826   0.0002388
  9.22  -0.0000742   0.0001600
  9.23  -0.0000533   0.0001409
  9.24  -0.0000262   0.0002019
  9.25  -0.0000063   0.0002887
  9.26   0.0000002   0.0003495
  9.27  -0.0000156   0.0003121
  9.28  -0.0000288   0.0002836
  9.29  -0.0000293   0.0003005
  9.30  -0.0000327   0.0003042
  9.31  -0.0000333   0.0002852
  9.32  -0.0000069   0.0002295
  9.33   0.0000131   0.0001960
  9.34  -0.0000020   0.0002369
  9.35  -0.0000118   0.0002752
  9.36  -0.0000080   0.0002847
  9.37  -0.0000207   0.0002712
  9.38  -0.0000392   0.0002541
  9.39  -0.0000338   0.0002782
  9.40  -0.0000191   0.0003028
  9.41  -0.0000056   0.0002940
  9.42   0.0000100   0.0002804
  9.43   0.0000258   0.0002703
  9.44   0.0000330   0.0002589
  9.45   0.0000301   0.0002420
  9.46   0.0000132   0.0002060
  9.47  -0.0000004   0.0001710
  9.48   0.0000160   0.0001667
  9.49   0.0000314   0.0001695
  9.50   0.0000309   0.0001686
  9.51   0.0000544   0.0001750
  9.52   0.0000996   0.0001847
  9.53   0.0000977   0.0001649
  9.54   0.0000584   0.0001292
  9.55   0.0000332   0.0001271
  9.56   0.0000156   0.0001357
  9.57  -0.0000119   0.0001150
  9.58  -0.0000187   0.0000972
  9.59   0.0000217   0.0001038
  9.60   0.0000519   0.0001100
  9.61   0.0000474   0.0001065
  9.62   0.0000450   0.0001065
  9.63   0.0000479   0.0001106
  9.64   0.0000259   0.0001058
  9.65  -0.0000091   0.0000981
  9.66  -0.0000171   0.0001133
  9.67  -0.0000057   0.0001318
  9.68   0.0000093   0.0001160
  9.69   0.0000281   0.0000834
  9.70   0.0000542   0.0000479
  9.71   0.0000684   0.0000189
  9.72   0.0000539   0.0000074
  9.73   0.0000229   0.0000169
  9.74  -0.0000185   0.0000507
  9.75  -0.0000447   0.0000768
  9.76  -0.0000439   0.0000797
  9.77  -0.0000354   0.0000636
  9.78  -0.0000246   0.0000350
  9.79  -0.0000048   0.0000205
  9.80   0.0000158   0.0000253
  9.81   0.0000077   0.0000424
  9.82  -0.0000217   0.0000637
  9.83  -0.0000411   0.0000725
  9.84  -0.0000508   0.0000690
  9.85  -0.0000613   0.0000534
  9.86  -0.0000667   0.0000373
  9.87  -0.0000514   0.0000458
  9.88  -0.0000312   0.0000598
  9.89  -0.0000311   0.0000510
  9.90  -0.0000396   0.0000264
  9.91  -0.0000425  -0.0000156
  9.92  -0.0000465  -0.0000535
  9.93  -0.0000618  -0.0000615
  9.94  -0.0000759  -0.0000436
  9.95  -0.0000756   0.0000107
  9.96  -0.0000663   0.0000749
  9.97  -0.0000476   0.0001275
  9.98  -0.0000268   0.0001588
  9.99  -0.0000128   0.0001479
 10.00   0.0000000   0.0001083
 10.01   0.0000183   0.0000340
 10.02   0.0000300  -0.0000365
 10.03   0.0000170  -0.0000610
 10.04   0.0000035  -0.0000556
 10.05   0.0000169  -0.0000064
 10.06   0.0000309   0.0000398
 10.07   0.0000178   0.0000238
 10.08   0.0000030  -0.0000118
 10.09   0.0000148  -0.0000411
 10.10   0.0000282  -0.0000596
 10.11   0.0000150  -0.0000490
 10.12  -0.0000042  -0.0000272
 10.13  -0.0000054  -0.0000150
 10.14  -0.0000023  -0.0000031
 10.15  -0.0000178   0.0000189
 10.16  -0.0000318   0.0000494
 10.17  -0.0000073   0.0000940
 10.18   0.0000344   0.0001373
 10.19   0.0000537   0.0001510
 10.20   0.0000527   0.0001417
 10.21   0.0000425   0.0001280
 10.22   0.0000289   0.0001154
 10.23   0.0000196   0.0001103
 10.24   0.0000171   0.0001104
 10.25   0.0000190   0.0000988
 10.26   0.0000244   0.0000722
 10.27   0.0000324   0.0000472
 10.28   0.0000413   0.0000317
 10.29   0.0000429   0.0000258
 10.30   0.0000301   0.0000329
 10.31   0.0000153   0.0000430
 10.32   0.0000079   0.0000490
 10.33   0.0000035   0.0000493
 10.34  -0.0000011   0.0000318
 10.35   0.0000001   0.0000157
 10.36   0.0000195   0.0000254
 10.37   0.0000428   0.0000471
 10.38   0.0000454   0.0000638
 10.39   0.0000358   0.0000727
 10.40   0.0000409   0.0000703
 10.41   0.0000609   0.0000596
 10.42   0.0000697   0.0000530
 10.43   0.0000575   0.0000574
 10.44   0.0000420   0.0000712
 10.45   0.0000327   0.0000974
 10.46   0.0000259   0.0001255
 10.47   0.0000208   0.0001454
 10.48   0.0000203   0.0001603
 10.49   0.0000289   0.0001698
 10.50   0.0000429   0.0001743
 10.51   0.0000586   0.0001729
 10.52   0.0000726   0.0001679
 10.53   0.0000795   0.0001649
 10.54   0.0000762   0.0001663
 10.55   0.0000650   0.0001674
 10.56   0.0000453   0.0001653
 10.57   0.0000235   0.0001647
 10.58   0.0000017   0.0001698
 10.59  -0.0000110   0.0001782
 10.60   0.0000026   0.0001872
 10.61   0.0000325   0.0001987
 10.62   0.0000583   0.0002201
 10.63   0.0000725   0.0002495
 10.64   0.0000816   0.0002684
 10.65   0.0000873   0.0002603
 10.66   0.0000833   0.0002486
 10.67   0.0000551   0.0002519
 10.68   0.0000226   0.0002632
 10.69   0.0000097   0.0002801
 10.70   0.0000126   0.0003010
 10.71   0.0000116   0.0003270
 10.72   0.0000005   0.0003558
 10.73  -0.0000001   0.0003732
 10.74   0.0000366   0.0003544
 10.75   0.0000762   0.0003321
 10.76   0.0000900   0.0003362
 10.77   0.0000857   0.0003555
 10.78   0.0000761   0.0003695
 10.79   0.0000659   0.0003729
 10.80   0.0000547   0.0003791
 10.81   0.0000431   0.0003997
 10.82   0.0000368   0.0004203
 10.83   0.0000456   0.0004305
 10.84   0.0000629   0.0004319
 10.85   0.0000815   0.0004266
 10.86   0.0000959   0.0004153
 10.87   0.0000995   0.0004002
 10.88   0.0000777   0.0003827
 10.89   0.0000474   0.0003646
 10.90   0.0000196   0.0003475
 10.91  -0.0000048   0.0003334
 10.92  -0.0000287   0.0003260
 10.93  -0.0000514   0.0003273
 10.94  -0.0000631   0.0003314
 10.95  -0.0000464   0.0003311
 10.96  -0.0000178   0.0003317
 10.97   0.0000099   0.0003402
 10.98   0.0000321   0.0003543
 10.99   0.0000515   0.0003626
 11.00   0.0000697   0.0003517
 11.01   0.0000772   0.0003363
 11.02   0.0000554   0.0003253
 11.03   0.0000183   0.0003186
 11.04  -0.0000089   0.0003140
 11.05  -0.0000083   0.0003111
 11.06   0.0000031   0.0003093
 11.07   0.0000200   0.0003115
 11.08   0.0000398   0.0003109
 11.09   0.0000609   0.0002971
 11.10   0.0000800   0.0002662
 11.11   0.0000888   0.0002331
 11.12   0.0000706   0.0002089
 11.13   0.0000401   0.0001940
 11.14   0.0000080   0.0001950
 11.15  -0.0000197   0.0002123
 11.16  -0.0000440   0.0002337
 11.17  -0.0000623   0.0002470
 11.18  -0.0000737   0.0002563
 11.19  -0.0000760   0.0002608
 11.20  -0.0000683   0.0002608
 11.21  -0.0000519   0.0002595
 11.22  -0.0000193   0.0002602
 11.23   0.0000138   0.0002616
 11.24   0.0000306   0.0002657
 11.25   0.0000253   0.0002715
 11.26   0.0000139   0.0002715
 11.27   0.0000108   0.0002467
 11.28   0.0000079   0.0002197
 11.29  -0.0000038   0.0002141
 11.30  -0.0000268   0.0002426
 11.31  -0.0000422   0.0002784
 11.32  -0.0000212   0.0003000
 11.33   0.0000147   0.0003145
 11.34   0.0000410   0.0003293
 11.35   0.0000364   0.0003497
 11.36   0.0000237   0.0003649
 11.37   0.0000153   0.0003606
 11.38   0.0000100   0.0003448
 11.39   0.0000017   0.0003341
 11.40  -0.0000189   0.0003502
 11.41  -0.0000373   0.0003744
 11.42  -0.0000416   0.0003979
 11.43  -0.0000290   0.0004180
 11.44  -0.0000101   0.0004413
 11.45   0.0000084   0.0004771
 11.46   0.0000269   0.0005152
 11.47   0.0000451   0.0005457
 11.48   0.0000626   0.0005597
 11.49   0.0000746   0.0005652
 11.50   0.0000740   0.0005637
 11.51   0.0000620   0.0005568
 11.52   0.0000441   0.0005461
 11.53   0.0000212   0.0005308
 11.54  -0.0000004   0.0005165
 11.55  -0.0000131   0.0005086
 11.56  -0.0000098   0.0005120
 11.57  -0.0000021   0.0005210
 11.58   0.0000027   0.0005351
 11.59   0.0000042   0.0005515
 11.60   0.0000058   0.0005661
 11.61   0.0000132   0.0005695
 11.62   0.0000184   0.0005692
 11.63   0.0000136   0.0005690
 11.64  -0.0000105   0.0005725
 11.65  -0.0000347   0.0005793
 11.66  -0.0000423   0.0005922
 11.67  -0.0000321   0.0006111
 11.68  -0.0000188   0.0006333
 11.69  -0.0000182   0.0006622
 11.70  -0.0000213   0.0006891
 11.71  -0.0000197   0.0007051
 11.72   0.0000034   0.0006906
 11.73   0.0000274   0.0006662
 11.74   0.0000401   0.0006405
 11.75   0.0000314   0.0006212
 11.76   0.0000184   0.0006034
 11.77   0.0000139   0.0005871
 11.78   0.0000174   0.0005725
 11.79   0.0000177   0.0005599
 11.80  -0.0000001   0.0005498
 11.81  -0.0000262   0.0005418
 11.82  -0.0000515   0.0005356
 11.83  -0.0000628   0.0005302
 11.84  -0.0000672   0.0005269
 11.85  -0.0000647   0.0005267
 11.86  -0.0000539   0.0005310
 11.87  -0.0000407   0.0005374
 11.88  -0.0000288   0.0005460
 11.89  -0.0000215   0.0005557
 11.90  -0.0000183   0.0005613
 11.91  -0.0000225   0.0005548
 11.92  -0.0000335   0.0005370
 11.93  -0.0000473   0.0005159
 11.94  -0.0000633   0.0004974
 11.95  -0.0000780   0.0004827
 11.96  -0.0000874   0.0004721
 11.97  -0.0000824   0.0004678
 11.98  -0.0000685   0.0004699
 11.99  -0.0000493   0.0004783
 12.00  -0.0000259   0.0005012
 12.01  -0.0000021   0.0005255
 12.02   0.0000190   0.0005434
 12.03   0.0000315   0.0005343
 12.04   0.0000392   0.0005243
 12.05   0.0000421   0.0005275
 12.06   0.0000394   0.0005650
 12.07   0.0000346   0.0006060
 12.08   0.0000295   0.0006342
 12.09   0.0000258   0.0006343
 12.10   0.0000250   0.0006260
 12.11   0.0000309   0.0006186
 12.12   0.0000455   0.0006177
 12.13   0.0000610   0.0006096
 12.14   0.0000717   0.0005822
 12.15   0.0000749   0.0005324
 12.16   0.0000743   0.0004782
 12.17   0.0000725   0.0004339
 12.18   0.0000690   0.0004037
 12.19   0.0000580   0.0003770
 12.20   0.0000297   0.0003471
 12.21  -0.0000144   0.0003140
 12.22  -0.0000598   0.0002847
 12.23  -0.0000961   0.0002678
 12.24  -0.0001186   0.0002622
 12.25  -0.0001282   0.0002587
 12.26  -0.0001170   0.0002482
 12.27  -0.0000863   0.0002298
 12.28  -0.0000458   0.0002101
 12.29   0.0000022   0.0001909
 12.30   0.0000517   0.0001743
 12.31   0.0000937   0.0001630
 12.32   0.0001120   0.0001639
 12.33   0.0001044   0.0001768
 12.34   0.0000866   0.0001930
 12.35   0.0000663   0.0002060
 12.36   0.0000484   0.0002128
 12.37   0.0000326   0.0002179
 12.38   0.0000231   0.0002215
 12.39   0.0000223   0.0002244
 12.40   0.0000274   0.0002282
 12.41   0.0000390   0.0002341
 12.42   0.0000573   0.0002432
 12.43   0.0000787   0.0002565
 12.44   0.0001018   0.0002768
 12.45   0.0001257   0.0003080
 12.46   0.0001449   0.0003403
 12.47   0.0001548   0.0003690
 12.48   0.0001455   0.0003851
 12.49   0.0001279   0.0003960
 12.50   0.0001049   0.0004026
 12.51   0.0000794   0.0004105
 12.52   0.0000537   0.0004129
 12.53   0.0000304   0.0004079
 12.54   0.0000161   0.0003858
 12.55   0.0000076   0.0003556
 12.56   0.0000036   0.0003223
 12.57   0.0000049   0.0002918
 12.58   0.0000099   0.0002648
 12.59   0.0000170   0.0002418
 12.60   0.0000245   0.0002255
 12.61   0.0000318   0.0002162
 12.62   0.0000383   0.0002128
 12.63   0.0000430   0.0002168
 12.64   0.0000451   0.0002280
 12.65   0.0000453   0.0002409
 12.66   0.0000433   0.0002515
 12.67   0.0000383   0.0002535
 12.68   0.0000328   0.0002536
 12.69   0.0000278   0.0002531
 12.70   0.0000235   0.0002556
 12.71   0.0000227   0.0002587
 12.72   0.0000272   0.0002619
 12.73   0.0000463   0.0002658
 12.74   0.0000728   0.0002689
 12.75   0.0000999   0.0002698
 12.76   0.0001200   0.0002654
 12.77   0.0001307   0.0002556
 12.78   0.0001355   0.0002437
 12.79   0.0001336   0.0002313
 12.80   0.0001242   0.0002205
 12.81   0.0001095   0.0002097
 12.82   0.0000905   0.0001987
 12.83   0.0000653   0.0001864
 12.84   0.0000390   0.0001746
 12.85   0.0000144   0.0001641
 12.86  -0.0000027   0.0001582
 12.87  -0.0000130   0.0001551
 12.88  -0.0000189   0.0001521
 12.89  -0.0000214   0.0001456
 12.90  -0.0000213   0.0001333
 12.91  -0.0000164   0.0001221
 12.92  -0.0000057   0.0001145
 12.93   0.0000202   0.0001206
 12.94   0.0000479   0.0001304
 12.95   0.0000729   0.0001416
 12.96   0.0000826   0.0001506
 12.97   0.0000807   0.0001566
 12.98   0.0000732   0.0001593
 12.99   0.0000632   0.0001566
 13.00   0.0000533   0.0001469
 13.01   0.0000418   0.0001329
 13.02   0.0000290   0.0001153
 13.03   0.0000100   0.0000942
 13.04  -0.0000072   0.0000710
 13.05  -0.0000185   0.0000470
 13.06  -0.0000126   0.0000232
 13.07   0.0000096   0.0000005
 13.08   0.0000366  -0.0000203
 13.09   0.0000637  -0.0000384
 13.10   0.0000815  -0.0000531
 13.11   0.0000956  -0.0000634
 13.12   0.0001056  -0.0000684
 13.13   0.0001095  -0.0000643
 13.14   0.0001084  -0.0000532
 13.15   0.0001036  -0.0000381
 13.16   0.0000953  -0.0000212
 13.17   0.0000829  -0.0000054
 13.18   0.0000710   0.0000120
 13.19   0.0000616   0.0000310
 13.20   0.0000606   0.0000558
 13.21   0.0000661   0.0000820
 13.22   0.0000767   0.0001056
 13.23   0.0000934   0.0001227
 13.24   0.0001179   0.0001283
 13.25   0.0001432   0.0001275
 13.26   0.0001662   0.0001208
 13.27   0.0001780   0.0001070
 13.28   0.0001822   0.0000886
 13.29   0.0001817   0.0000674
 13.30   0.0001777   0.0000455
 13.31   0.0001718   0.0000248
 13.32   0.0001630   0.0000052
 13.33   0.0001512  -0.0000123
 13.34   0.0001334  -0.0000259
 13.35   0.0001128  -0.0000356
 13.36   0.0000934  -0.0000423
 13.37   0.0000784  -0.0000455
 13.38   0.0000743  -0.0000437
 13.39   0.0000757  -0.0000399
 13.40   0.0000822  -0.0000351
 13.41   0.0000938  -0.0000315
 13.42   0.0001099  -0.0000297
 13.43   0.0001295  -0.0000284
 13.44   0.0001518  -0.0000275
 13.45   0.0001814  -0.0000268
 13.46   0.0002102  -0.0000265
 13.47   0.0002338  -0.0000268
 13.48   0.0002448  -0.0000282
 13.49   0.0002355  -0.0000309
 13.50   0.0002185  -0.0000340
 13.51   0.0001964  -0.0000370
 13.52   0.0001731  -0.0000389
 13.53   0.0001503  -0.0000399
 13.54   0.0001291  -0.0000402
 13.55   0.0001113  -0.0000398
 13.56   0.0001011  -0.0000381
 13.57   0.0000968  -0.0000358
 13.58   0.0000991  -0.0000331
 13.59   0.0001110  -0.0000300
 13.60   0.0001351  -0.0000264
 13.61   0.0001632  -0.0000238
 13.62   0.0001925  -0.0000229
 13.63   0.0002180  -0.0000254
 13.64   0.0002385  -0.0000313
 13.65   0.0002543  -0.0000402
 13.66   0.0002642  -0.0000523
 13.67   0.0002616  -0.0000726
 13.68   0.0002522  -0.0000948
 13.69   0.0002381  -0.0001154
 13.70   0.0002207  -0.0001313
 13.71   0.0002018  -0.0001363
 13.72   0.0001822  -0.0001349
 13.73   0.0001632  -0.0001271
 13.74   0.0001458  -0.0001097
 13.75   0.0001312  -0.0000820
 13.76   0.0001210  -0.0000519
 13.77   0.0001166  -0.0000228
 13.78   0.0001252  -0.0000024
 13.79   0.0001439   0.0000093
 13.80   0.0001660   0.0000158
 13.81   0.0001886   0.0000173
 13.82   0.0002038   0.0000134
 13.83   0.0002147   0.0000050
 13.84   0.0002232  -0.0000073
 13.85   0.0002294  -0.0000229
 13.86   0.0002377  -0.0000461
 13.87   0.0002425  -0.0000698
 13.88   0.0002417  -0.0000909
 13.89   0.0002323  -0.0001056
 13.90   0.0002034  -0.0001035
 13.91   0.0001697  -0.0000957
 13.92   0.0001348  -0.0000839
 13.93   0.0001042  -0.0000710
 13.94   0.0000847  -0.0000606
 13.95   0.0000707  -0.0000490
 13.96   0.0000623  -0.0000361
 13.97   0.0000609  -0.0000203
 13.98   0.0000669  -0.0000006
 13.99   0.0000782   0.0000187
 14.00   0.0000939   0.0000363
 14.01   0.0001169   0.0000490
 14.02   0.0001459   0.0000556
 14.03   0.0001727   0.0000584
 14.04   0.0001933   0.0000575
 14.05   0.0001950   0.0000520
 14.06   0.0001775   0.0000423
 14.07   0.0001524   0.0000309
 14.08   0.0001228   0.0000187
 14.09   0.0000933   0.0000071
 14.10   0.0000659  -0.0000029
 14.11   0.0000409  -0.0000109
 14.12   0.0000200  -0.0000160
 14.13   0.0000080  -0.0000152
 14.14   0.0000047  -0.0000092
 14.15   0.0000072   0.0000002
 14.16   0.0000149   0.0000124
 14.17   0.0000291   0.0000273
 14.18   0.0000481   0.0000441
 14.19   0.0000693   0.0000617
 14.20   0.0000912   0.0000795
 14.21   0.0001116   0.0000961
 14.22   0.0001294   0.0001112
 14.23   0.0001436   0.0001245
 14.24   0.0001528   0.0001356
 14.25   0.0001518   0.0001431
 14.26   0.0001406   0.0001468
 14.27   0.0001252   0.0001479
 14.28   0.0001073   0.0001466
 14.29   0.0000902   0.0001412
 14.30   0.0000758   0.0001321
 14.31   0.0000620   0.0001234
 14.32   0.0000491   0.0001166
 14.33   0.0000363   0.0001154
 14.34   0.0000232   0.0001225
 14.35   0.0000135   0.0001342
 14.36   0.0000089   0.0001501
 14.37   0.0000131   0.0001704
 14.38   0.0000325   0.0001960
 14.39   0.0000571   0.0002240
 14.40   0.0000849   0.0002533
 14.41   0.0001133   0.0002828
 14.42   0.0001378   0.0003092
 14.43   0.0001602   0.0003347
 14.44   0.0001795   0.0003592
 14.45   0.0001949   0.0003826
 14.46   0.0002031   0.0004015
 14.47   0.0002059   0.0004197
 14.48   0.0002033   0.0004389
 14.49   0.0001950   0.0004602
 14.50   0.0001731   0.0004936
 14.51   0.0001449   0.0005317
 14.52   0.0001170   0.0005680
 14.53   0.0000930   0.0005995
 14.54   0.0000846   0.0006148
 14.55   0.0000925   0.0006139
 14.56   0.0001065   0.0006071
 14.57   0.0001247   0.0005967
 14.58   0.0001444   0.0005873
 14.59   0.0001627   0.0005839
 14.60   0.0001803   0.0005807
 14.61   0.0001963   0.0005771
 14.62   0.0002094   0.0005729
 14.63   0.0002146   0.0005653
 14.64   0.0002163   0.0005573
 14.65   0.0002149   0.0005493
 14.66   0.0002109   0.0005418
 14.67   0.0002033   0.0005341
 14.68   0.0001937   0.0005279
 14.69   0.0001835   0.0005247
 14.70   0.0001736   0.0005256
 14.71   0.0001670   0.0005355
 14.72   0.0001648   0.0005558
 14.73   0.0001636   0.0005792
 14.74   0.0001627   0.0006037
 14.75   0.0001612   0.0006270
 14.76   0.0001544   0.0006422
 14.77   0.0001478   0.0006549
 14.78   0.0001422   0.0006652
 14.79   0.0001386   0.0006734
 14.80   0.0001394   0.0006787
 14.81   0.0001442   0.0006820
 14.82   0.0001525   0.0006840
 14.83   0.0001647   0.0006851
 14.84   0.0001839   0.0006836
 14.85   0.0002128   0.0006781
 14.86   0.0002423   0.0006761
 14.87   0.0002697   0.0006803
 14.88   0.0002924   0.0006934
 14.89   0.0002988   0.0007369
 14.90   0.0002969   0.0007909
 14.91   0.0002878   0.0008494
 14.92   0.0002720   0.0009085
 14.93   0.0002471   0.0009631
 14.94   0.0002140   0.0010094
 14.95   0.0001778   0.0010456
 14.96   0.0001404   0.0010687
 14.97   0.0001042   0.0010754
 14.98   0.0000743   0.0010365
 14.99   0.0000486   0.0009829
 15.00   0.0000282   0.0009200
 15.01   0.0000141   0.0008529
 15.02   0.0000128   0.0007923
 15.03   0.0000237   0.0007419
 15.04   0.0000394   0.0006974
 15.05   0.0000577   0.0006607
 15.06   0.0000763   0.0006334
 15.07   0.0000844   0.0006331
 15.08   0.0000910   0.0006412
 15.09   0.0000970   0.0006541
 15.10   0.0001031   0.0006686
 15.11   0.0001129   0.0006759
 15.12   0.0001273   0.0006723
 15.13   0.0001407   0.0006660
 15.14   0.0001515   0.0006576
 15.15   0.0001582   0.0006478
 15.16   0.0001504   0.0006363
 15.17   0.0001365   0.0006247
 15.18   0.0001199   0.0006139
 15.19   0.0001023   0.0006049
 15.20   0.0000865   0.0006005
 15.21   0.0000766   0.0006054
 15.22   0.0000687   0.0006117
 15.23   0.0000628   0.0006178
 15.24   0.0000590   0.0006222
 15.25   0.0000583   0.0006186
 15.26   0.0000602   0.0006083
 15.27   0.0000638   0.0005954
 15.28   0.0000690   0.0005804
 15.29   0.0000754   0.0005641
 15.30   0.0000856   0.0005437
 15.31   0.0000958   0.0005241
 15.32   0.0001049   0.0005073
 15.33   0.0001116   0.0004950
 15.34   0.0001132   0.0004922
 15.35   0.0001058   0.0005058
 15.36   0.0000951   0.0005248
 15.37   0.0000817   0.0005476
 15.38   0.0000664   0.0005723
 15.39   0.0000483   0.0005963
 15.40   0.0000288   0.0006183
 15.41   0.0000107   0.0006378
 15.42  -0.0000046   0.0006538
 15.43  -0.0000155   0.0006649
 15.44  -0.0000125   0.0006634
 15.45  -0.0000021   0.0006545
 15.46   0.0000119   0.0006413
 15.47   0.0000283   0.0006247
 15.48   0.0000457   0.0006058
 15.49   0.0000587   0.0005872
 15.50   0.0000711   0.0005681
 15.51   0.0000826   0.0005490
 15.52   0.0000931   0.0005307
 15.53   0.0001017   0.0005136
 15.54   0.0001072   0.0004978
 15.55   0.0001114   0.0004850
 15.56   0.0001147   0.0004761
 15.57   0.0001173   0.0004718
 15.58   0.0001204   0.0004773
 15.59   0.0001247   0.0004953
 15.60   0.0001283   0.0005167
 15.61   0.0001309   0.0005396
 15.62   0.0001322   0.0005621
 15.63   0.0001316   0.0005775
 15.64   0.0001287   0.0005851
 15.65   0.0001238   0.0005898
 15.66   0.0001168   0.0005918
 15.67   0.0001076   0.0005915
 15.68   0.0000916   0.0005886
 15.69   0.0000714   0.0005838
 15.70   0.0000513   0.0005782
 15.71   0.0000332   0.0005724
 15.72   0.0000185   0.0005671
 15.73   0.0000165   0.0005630
 15.74   0.0000233   0.0005606
 15.75   0.0000339   0.0005605
 15.76   0.0000473   0.0005635
 15.77   0.0000625   0.0005701
 15.78   0.0000753   0.0005863
 15.79   0.0000870   0.0006083
 15.80   0.0000989   0.0006326
 15.81   0.0001108   0.0006580
 15.82   0.0001226   0.0006832
 15.83   0.0001359   0.0007047
 15.84   0.0001492   0.0007233
 15.85   0.0001612   0.0007394
 15.86   0.0001713   0.0007527
 15.87   0.0001788   0.0007627
 15.88   0.0001808   0.0007668
 15.89   0.0001786   0.0007664
 15.90   0.0001732   0.0007629
 15.91   0.0001649   0.0007567
 15.92   0.0001538   0.0007481
 15.93   0.0001378   0.0007367
 15.94   0.0001185   0.0007235
 15.95   0.0000983   0.0007095
 15.96   0.0000783   0.0006955
 15.97   0.0000594   0.0006820
 15.98   0.0000449   0.0006704
 15.99   0.0000349   0.0006611
 16.00   0.0000278   0.0006540
 16.01   0.0000239   0.0006496
 16.02   0.0000232   0.0006482
 16.03   0.0000278   0.0006525
 16.04   0.0000380   0.0006630
 16.05   0.0000505   0.0006763
 16.06   0.0000645   0.0006918
 16.07   0.0000793   0.0007087
 16.08   0.0000939   0.0007258
 16.09   0.0001073   0.0007418
 16.10   0.0001190   0.0007578
 16.11   0.0001285   0.0007736
 16.12   0.0001348   0.0007890
 16.13   0.0001368   0.0008037
 16.14   0.0001289   0.0008179
 16.15   0.0001172   0.0008309
 16.16   0.0001024   0.0008424
 16.17   0.0000851   0.0008520
 16.18   0.0000661   0.0008594
 16.19   0.0000449   0.0008645
 16.20   0.0000234   0.0008668
 16.21   0.0000024   0.0008658
 16.22  -0.0000171   0.0008612
 16.23  -0.0000342   0.0008526
 16.24  -0.0000464   0.0008361
 16.25  -0.0000540   0.0008135
 16.26  -0.0000573   0.0007877
 16.27  -0.0000561   0.0007595
 16.28  -0.0000500   0.0007297
 16.29  -0.0000356   0.0006988
 16.30  -0.0000101   0.0006674
 16.31   0.0000187   0.0006371
 16.32   0.0000490   0.0006091
 16.33   0.0000792   0.0005842
 16.34   0.0001075   0.0005639
 16.35   0.0001251   0.0005589
 16.36   0.0001391   0.0005581
 16.37   0.0001496   0.0005602
 16.38   0.0001566   0.0005641
 16.39   0.0001599   0.0005685
 16.40   0.0001582   0.0005651
 16.41   0.0001524   0.0005577
 16.42   0.0001435   0.0005509
 16.43   0.0001321   0.0005458
 16.44   0.0001185   0.0005436
 16.45   0.0001022   0.0005478
 16.46   0.0000824   0.0005638
 16.47   0.0000625   0.0005831
 16.48   0.0000434   0.0006049
 16.49   0.0000263   0.0006279
 16.50   0.0000122   0.0006512
 16.51   0.0000070   0.0006696
 16.52   0.0000069   0.0006862
 16.53   0.0000108   0.0007021
 16.54   0.0000185   0.0007171
 16.55   0.0000300   0.0007315
 16.56   0.0000470   0.0007452
 16.57   0.0000701   0.0007584
 16.58   0.0000952   0.0007710
 16.59   0.0001212   0.0007829
 16.60   0.0001469   0.0007942
 16.61   0.0001711   0.0008049
 16.62   0.0001902   0.0008176
 16.63   0.0002058   0.0008295
 16.64   0.0002176   0.0008397
 16.65   0.0002250   0.0008478
 16.66   0.0002276   0.0008530
 16.67   0.0002212   0.0008531
 16.68   0.0002027   0.0008462
 16.69   0.0001803   0.0008361
 16.70   0.0001553   0.0008234
 16.71   0.0001292   0.0008085
 16.72   0.0001035   0.0007919
 16.73   0.0000856   0.0007730
 16.74   0.0000717   0.0007532
 16.75   0.0000598   0.0007336
 16.76   0.0000497   0.0007149
 16.77   0.0000412   0.0006979
 16.78   0.0000337   0.0006839
 16.79   0.0000241   0.0006764
 16.80   0.0000167   0.0006720
 16.81   0.0000124   0.0006705
 16.82   0.0000117   0.0006720
 16.83   0.0000155   0.0006765
 16.84   0.0000313   0.0006865
 16.85   0.0000584   0.0007016
 16.86   0.0000884   0.0007180
 16.87   0.0001192   0.0007347
 16.88   0.0001491   0.0007506
 16.89   0.0001761   0.0007648
 16.90   0.0001893   0.0007685
 16.91   0.0001954   0.0007680
 16.92   0.0001970   0.0007656
 16.93   0.0001942   0.0007622
 16.94   0.0001874   0.0007585
 16.95   0.0001766   0.0007555
 16.96   0.0001596   0.0007573
 16.97   0.0001400   0.0007600
 16.98   0.0001185   0.0007637
 16.99   0.0000958   0.0007683
 17.00   0.0000729   0.0007738
 17.01   0.0000512   0.0007799
 17.02   0.0000326   0.0007866
 17.03   0.0000153   0.0007941
 17.04  -0.0000003   0.0008025
 17.05  -0.0000138   0.0008118
 17.06  -0.0000250   0.0008222
 17.07  -0.0000314   0.0008357
 17.08  -0.0000331   0.0008518
 17.09  -0.0000328   0.0008680
 17.10  -0.0000310   0.0008836
 17.11  -0.0000281   0.0008978
 17.12  -0.0000246   0.0009101
 17.13  -0.0000243   0.0009147
 17.14  -0.0000256   0.0009144
 17.15  -0.0000262   0.0009122
 17.16  -0.0000258   0.0009090
 17.17  -0.0000240   0.0009053
 17.18  -0.0000204   0.0009018
 17.19  -0.0000097   0.0009025
 17.20   0.0000042   0.0009051
 17.21   0.0000191   0.0009086
 17.22   0.0000345   0.0009129
 17.23   0.0000497   0.0009180
 17.24   0.0000639   0.0009238
 17.25   0.0000736   0.0009299
 17.26   0.0000810   0.0009365
 17.27   0.0000867   0.0009438
 17.28   0.0000904   0.0009518
 17.29   0.0000922   0.0009604
 17.30   0.0000919   0.0009698
 17.31   0.0000876   0.0009844
 17.32   0.0000812   0.0009996
 17.33   0.0000732   0.0010139
 17.34   0.0000641   0.0010265
 17.35   0.0000540   0.0010366
 17.36   0.0000434   0.0010433
 17.37   0.0000301   0.0010387
 17.38   0.0000169   0.0010293
 17.39   0.0000049   0.0010166
 17.40  -0.0000051   0.0010011
 17.41  -0.0000124   0.0009832
 17.42  -0.0000162   0.0009636
 17.43  -0.0000086   0.0009414
 17.44   0.0000042   0.0009185
 17.45   0.0000203   0.0008957
 17.46   0.0000390   0.0008739
 17.47   0.0000595   0.0008538
 17.48   0.0000814   0.0008362
 17.49   0.0001039   0.0008271
 17.50   0.0001264   0.0008229
 17.51   0.0001482   0.0008215
 17.52   0.0001688   0.0008226
 17.53   0.0001874   0.0008259
 17.54   0.0002035   0.0008310
 17.55   0.0002126   0.0008377
 17.56   0.0002161   0.0008458
 17.57   0.0002167   0.0008543
 17.58   0.0002147   0.0008630
 17.59   0.0002103   0.0008714
 17.60   0.0002039   0.0008790
 17.61   0.0001963   0.0008835
 17.62   0.0001877   0.0008842
 17.63   0.0001779   0.0008837
 17.64   0.0001671   0.0008824
 17.65   0.0001554   0.0008804
 17.66   0.0001429   0.0008781
 17.67   0.0001293   0.0008756
 17.68   0.0001128   0.0008733
 17.69   0.0000967   0.0008714
 17.70   0.0000818   0.0008700
 17.71   0.0000686   0.0008695
 17.72   0.0000579   0.0008700
 17.73   0.0000503   0.0008718
 17.74   0.0000524   0.0008810
 17.75   0.0000584   0.0008913
 17.76   0.0000678   0.0009018
 17.77   0.0000802   0.0009117
 17.78   0.0000953   0.0009203
 17.79   0.0001130   0.0009268
 17.80   0.0001355   0.0009254
 17.81   0.0001611   0.0009184
 17.82   0.0001874   0.0009091
 17.83   0.0002135   0.0008980
 17.84   0.0002385   0.0008856
 17.85   0.0002614   0.0008723
 17.86   0.0002795   0.0008591
 17.87   0.0002892   0.0008475
 17.88   0.0002955   0.0008360
 17.89   0.0002986   0.0008249
 17.90   0.0002985   0.0008143
 17.91   0.0002953   0.0008044
 17.92   0.0002893   0.0007954
 17.93   0.0002776   0.0007890
 17.94   0.0002632   0.0007839
 17.95   0.0002473   0.0007796
 17.96   0.0002304   0.0007761
 17.97   0.0002132   0.0007733
 17.98   0.0001963   0.0007712
 17.99   0.0001824   0.0007701
 18.00   0.0001724   0.0007698
 18.01   0.0001636   0.0007697
 18.02   0.0001560   0.0007696
 18.03   0.0001495   0.0007691
 18.04   0.0001441   0.0007682
 18.05   0.0001397   0.0007664
 18.06   0.0001368   0.0007603
 18.07   0.0001348   0.0007532
 18.08   0.0001336   0.0007457
 18.09   0.0001329   0.0007381
 18.10   0.0001326   0.0007307
 18.11   0.0001327   0.0007239
 18.12   0.0001324   0.0007199
 18.13   0.0001316   0.0007200
 18.14   0.0001309   0.0007204
 18.15   0.0001303   0.0007207
 18.16   0.0001300   0.0007206
 18.17   0.0001298   0.0007195
 18.18   0.0001299   0.0007171
 18.19   0.0001317   0.0007072
 18.20   0.0001340   0.0006945
 18.21   0.0001361   0.0006809
 18.22   0.0001379   0.0006669
 18.23   0.0001390   0.0006530
 18.24   0.0001393   0.0006397
 18.25   0.0001379   0.0006289
 18.26   0.0001326   0.0006252
 18.27   0.0001263   0.0006227
 18.28   0.0001192   0.0006208
 18.29   0.0001115   0.0006193
 18.30   0.0001035   0.0006176
 18.31   0.0000954   0.0006155
 18.32   0.0000891   0.0006099
 18.33   0.0000848   0.0006007
 18.34   0.0000802   0.0005908
 18.35   0.0000753   0.0005804
 18.36   0.0000697   0.0005699
 18.37   0.0000631   0.0005594
 18.38   0.0000554   0.0005493
 18.39   0.0000417   0.0005406
 18.40   0.0000254   0.0005330
 18.41   0.0000085   0.0005263
 18.42  -0.0000084   0.0005206
 18.43  -0.0000247   0.0005161
 18.44  -0.0000400   0.0005129
 18.45  -0.0000536   0.0005111
 18.46  -0.0000587   0.0005146
 18.47  -0.0000617   0.0005193
 18.48  -0.0000632   0.0005249
 18.49  -0.0000635   0.0005308
 18.50  -0.0000630   0.0005369
 18.51  -0.0000619   0.0005426
 18.52  -0.0000616   0.0005469
 18.53  -0.0000668   0.0005467
 18.54  -0.0000715   0.0005457
 18.55  -0.0000751   0.0005439
 18.56  -0.0000773   0.0005416
 18.57  -0.0000774   0.0005389
 18.58  -0.0000750   0.0005360
 18.59  -0.0000657   0.0005343
 18.60  -0.0000428   0.0005361
 18.61  -0.0000181   0.0005373
 18.62   0.0000072   0.0005376
 18.63   0.0000316   0.0005364
 18.64   0.0000540   0.0005333
 18.65   0.0000730   0.0005278
 18.66   0.0000810   0.0005157
 18.67   0.0000708   0.0004928
 18.68   0.0000565   0.0004682
 18.69   0.0000391   0.0004427
 18.70   0.0000198   0.0004174
 18.71  -0.0000005   0.0003933
 18.72  -0.0000205   0.0003715
 18.73  -0.0000360   0.0003564
 18.74  -0.0000430   0.0003522
 18.75  -0.0000481   0.0003514
 18.76  -0.0000514   0.0003538
 18.77  -0.0000532   0.0003591
 18.78  -0.0000534   0.0003671
 18.79  -0.0000522   0.0003773
 18.80  -0.0000498   0.0003897
 18.81  -0.0000466   0.0004040
 18.82  -0.0000423   0.0004197
 18.83  -0.0000369   0.0004363
 18.84  -0.0000304   0.0004537
 18.85  -0.0000230   0.0004713
 18.86  -0.0000146   0.0004890
 18.87  -0.0000047   0.0005059
 18.88   0.0000085   0.0005207
 18.89   0.0000220   0.0005346
 18.90   0.0000354   0.0005477
 18.91   0.0000482   0.0005597
 18.92   0.0000601   0.0005705
 18.93   0.0000704   0.0005799
 18.94   0.0000784   0.0005878
 18.95   0.0000776   0.0005915
 18.96   0.0000749   0.0005939
 18.97   0.0000706   0.0005950
 18.98   0.0000652   0.0005952
 18.99   0.0000591   0.0005945
 19.00   0.0000526   0.0005932
 19.01   0.0000462   0.0005914
 19.02   0.0000448   0.0005921
 19.03   0.0000445   0.0005929
 19.04   0.0000442   0.0005932
 19.05   0.0000437   0.0005926
 19.06   0.0000428   0.0005910
 19.07   0.0000412   0.0005883
 19.08   0.0000387   0.0005841
 19.09   0.0000301   0.0005742
 19.10   0.0000172   0.0005602
 19.11   0.0000043   0.0005454
 19.12  -0.0000081   0.0005306
 19.13  -0.0000191   0.0005162
 19.14  -0.0000282   0.0005030
 19.15  -0.0000345   0.0004914
 19.16  -0.0000338   0.0004852
 19.17  -0.0000208   0.0004886
 19.18  -0.0000047   0.0004941
 19.19   0.0000139   0.0005012
 19.20   0.0000343   0.0005093
 19.21   0.0000558   0.0005179
 19.22   0.0000778   0.0005265
 19.23   0.0000997   0.0005345
 19.24   0.0001162   0.0005384
 19.25   0.0001313   0.0005407
 19.26   0.0001454   0.0005417
 19.27   0.0001583   0.0005410
 19.28   0.0001698   0.0005387
 19.29   0.0001800   0.0005345
 19.30   0.0001887   0.0005282
 19.31   0.0001951   0.0005162
 19.32   0.0001991   0.0004986
 19.33   0.0002016   0.0004797
 19.34   0.0002024   0.0004601
 19.35   0.0002017   0.0004404
 19.36   0.0001994   0.0004214
 19.37   0.0001957   0.0004036
 19.38   0.0001904   0.0003878
 19.39   0.0001814   0.0003827
 19.40   0.0001712   0.0003798
 19.41   0.0001601   0.0003789
 19.42   0.0001485   0.0003797
 19.43   0.0001364   0.0003820
 19.44   0.0001243   0.0003855
 19.45   0.0001124   0.0003899
 19.46   0.0001008   0.0003925
 19.47   0.0000896   0.0003928
 19.48   0.0000796   0.0003942
 19.49   0.0000711   0.0003968
 19.50   0.0000643   0.0004011
 19.51   0.0000595   0.0004073
 19.52   0.0000572   0.0004158
 19.53   0.0000577   0.0004267
 19.54   0.0000688   0.0004485
 19.55   0.0000836   0.0004737
 19.56   0.0001004   0.0005007
 19.57   0.0001188   0.0005288
 19.58   0.0001380   0.0005573
 19.59   0.0001575   0.0005857
 19.60   0.0001767   0.0006133
 19.61   0.0001940   0.0006392
 19.62   0.0002060   0.0006624
 19.63   0.0002167   0.0006831
 19.64   0.0002258   0.0007006
 19.65   0.0002335   0.0007143
 19.66   0.0002395   0.0007239
 19.67   0.0002438   0.0007286
 19.68   0.0002464   0.0007279
 19.69   0.0002458   0.0007139
 19.70   0.0002422   0.0006866
 19.71   0.0002370   0.0006545
 19.72   0.0002305   0.0006186
 19.73   0.0002227   0.0005798
 19.74   0.0002139   0.0005391
 19.75   0.0002044   0.0004974
 19.76   0.0001942   0.0004557
 19.77   0.0001834   0.0004186
 19.78   0.0001723   0.0003845
 19.79   0.0001613   0.0003523
 19.80   0.0001504   0.0003226
 19.81   0.0001400   0.0002958
 19.82   0.0001303   0.0002723
 19.83   0.0001214   0.0002526
 19.84   0.0001137   0.0002371
 19.85   0.0001098   0.0002307
 19.86   0.0001077   0.0002297
 19.87   0.0001067   0.0002333
 19.88   0.0001068   0.0002415
 19.89   0.0001080   0.0002543
 19.90   0.0001102   0.0002716
 19.91   0.0001133   0.0002934
 19.92   0.0001172   0.0003196
 19.93   0.0001201   0.0003594
 19.94   0.0001237   0.0004029
 19.95   0.0001283   0.0004490
 19.96   0.0001340   0.0004967
 19.97   0.0001407   0.0005449
 19.98   0.0001486   0.0005928
 19.99   0.0001579   0.0006393
 20.00   0.0001686   0.0006836
 20.01   0.0001898   0.0007195
 20.02   0.0002119   0.0007516
 20.03   0.0002339   0.0007796
 20.04   0.0002550   0.0008029
 20.05   0.0002747   0.0008210
 20.06   0.0002919   0.0008336
 20.07   0.0003061   0.0008400
 20.08   0.0003164   0.0008400
 20.09   0.0003095   0.0008139
 20.10   0.0002980   0.0007815
 20.11   0.0002826   0.0007446
 20.12   0.0002637   0.0007048
 20.13   0.0002418   0.0006632
 20.14   0.0002173   0.0006214
 20.15   0.0001907   0.0005807
 20.16   0.0001623   0.0005425
 20.17   0.0001312   0.0005263
 20.18   0.0000992   0.0005164
 20.19   0.0000670   0.0005095
 20.20   0.0000352   0.0005050
 20.21   0.0000044   0.0005024
 20.22  -0.0000249   0.0005010
 20.23  -0.0000521   0.0005004
 20.24  -0.0000766   0.0004999
 20.25  -0.0000919   0.0004967
 20.26  -0.0001013   0.0004917
 20.27  -0.0001076   0.0004857
 20.28  -0.0001110   0.0004785
 20.29  -0.0001117   0.0004697
 20.30  -0.0001098   0.0004592
 20.31  -0.0001055   0.0004466
 20.32  -0.0000990   0.0004318
 20.33  -0.0000907   0.0004090
 20.34  -0.0000806   0.0003781
 20.35  -0.0000688   0.0003455
 20.36  -0.0000557   0.0003121
 20.37  -0.0000412   0.0002785
 20.38  -0.0000257   0.0002455
 20.39  -0.0000092   0.0002138
 20.40   0.0000080   0.0001842
 20.41   0.0000264   0.0001599
 20.42   0.0000480   0.0001508
 20.43   0.0000695   0.0001445
 20.44   0.0000904   0.0001403
 20.45   0.0001101   0.0001379
 20.46   0.0001281   0.0001367
 20.47   0.0001441   0.0001361
 20.48   0.0001574   0.0001356
 20.49   0.0001676   0.0001347
 20.50   0.0001648   0.0001262
 20.51   0.0001567   0.0001153
 20.52   0.0001457   0.0001036
 20.53   0.0001324   0.0000913
 20.54   0.0001172   0.0000787
 20.55   0.0001007   0.0000658
 20.56   0.0000832   0.0000528
 20.57   0.0000653   0.0000399
 20.58   0.0000502   0.0000271
 20.59   0.0000396   0.0000142
 20.60   0.0000292   0.0000020
 20.61   0.0000191  -0.0000092
 20.62   0.0000089  -0.0000194
 20.63  -0.0000013  -0.0000281
 20.64  -0.0000116  -0.0000353
 20.65  -0.0000222  -0.0000407
 20.66  -0.0000330  -0.0000440
 20.67  -0.0000500  -0.0000398
 20.68  -0.0000678  -0.0000329
 20.69  -0.0000851  -0.0000242
 20.70  -0.0001017  -0.0000139
 20.71  -0.0001171  -0.0000023
 20.72  -0.0001308   0.0000103
 20.73  -0.0001424   0.0000238
 20.74  -0.0001514   0.0000377
 20.75  -0.0001539   0.0000516
 20.76  -0.0001454   0.0000650
 20.77  -0.0001342   0.0000782
 20.78  -0.0001210   0.0000911
 20.79  -0.0001060   0.0001034
 20.80  -0.0000899   0.0001149
 20.81  -0.0000732   0.0001255
 20.82  -0.0000563   0.0001349
 20.83  -0.0000397   0.0001430
 20.84  -0.0000302   0.0001490
 20.85  -0.0000248   0.0001531
 20.86  -0.0000199   0.0001553
 20.87  -0.0000154   0.0001556
 20.88  -0.0000109   0.0001538
 20.89  -0.0000062   0.0001497
 20.90  -0.0000011   0.0001432
 20.91   0.0000047   0.0001343
 20.92   0.0000115   0.0001227
 20.93   0.0000277   0.0001035
 20.94   0.0000452   0.0000816
 20.95   0.0000631   0.0000574
 20.96   0.0000810   0.0000311
 20.97   0.0000986   0.0000031
 20.98   0.0001154  -0.0000265
 20.99   0.0001309  -0.0000573
 21.00   0.0001448  -0.0000891
 21.01   0.0001549  -0.0001225
 21.02   0.0001532  -0.0001611
 21.03   0.0001496  -0.0001995
 21.04   0.0001446  -0.0002369
 21.05   0.0001386  -0.0002725
 21.06   0.0001321  -0.0003057
 21.07   0.0001255  -0.0003357
 21.08   0.0001193  -0.0003619
 21.09   0.0001139  -0.0003835
 21.10   0.0001132  -0.0003947
 21.11   0.0001222  -0.0003877
 21.12   0.0001323  -0.0003757
 21.13   0.0001430  -0.0003594
 21.14   0.0001539  -0.0003395
 21.15   0.0001647  -0.0003164
 21.16   0.0001748  -0.0002910
 21.17   0.0001839  -0.0002638
 21.18   0.0001916  -0.0002355
 21.19   0.0001938  -0.0002089
 21.20   0.0001877  -0.0001862
 21.21   0.0001798  -0.0001637
 21.22   0.0001704  -0.0001415
 21.23   0.0001599  -0.0001200
 21.24   0.0001485  -0.0000992
 21.25   0.0001366  -0.0000794
 21.26   0.0001245  -0.0000608
 21.27   0.0001124  -0.0000435
 21.28   0.0001014  -0.0000297
 21.29   0.0000922  -0.0000211
 21.30   0.0000838  -0.0000139
 21.31   0.0000764  -0.0000078
 21.32   0.0000702  -0.0000027
 21.33   0.0000653   0.0000016
 21.34   0.0000619   0.0000054
 21.35   0.0000603   0.0000089
 21.36   0.0000605   0.0000123
 21.37   0.0000640   0.0000164
 21.38   0.0000733   0.0000227
 21.39   0.0000845   0.0000293
 21.40   0.0000976   0.0000363
 21.41   0.0001122   0.0000437
 21.42   0.0001283   0.0000514
 21.43   0.0001456   0.0000597
 21.44   0.0001639   0.0000684
 21.45   0.0001831   0.0000776
 21.46   0.0002036   0.0000874
 21.47   0.0002309   0.0000979
 21.48   0.0002580   0.0001091
 21.49   0.0002842   0.0001208
 21.50   0.0003089   0.0001332
 21.51   0.0003314   0.0001463
 21.52   0.0003510   0.0001601
 21.53   0.0003671   0.0001746
 21.54   0.0003789   0.0001899
 21.55   0.0003858   0.0002059
 21.56   0.0003694   0.0002270
 21.57   0.0003442   0.0002495
 21.58   0.0003147   0.0002722
 21.59   0.0002819   0.0002947
 21.60   0.0002465   0.0003168
 21.61   0.0002094   0.0003381
 21.62   0.0001714   0.0003583
 21.63   0.0001333   0.0003770
 21.64   0.0000959   0.0003938
 21.65   0.0000643   0.0004057
 21.66   0.0000388   0.0004124
 21.67   0.0000159   0.0004169
 21.68  -0.0000044   0.0004192
 21.69  -0.0000218   0.0004194
 21.70  -0.0000359   0.0004175
 21.71  -0.0000465   0.0004136
 21.72  -0.0000533   0.0004077
 21.73  -0.0000561   0.0003999
 21.74  -0.0000532   0.0003894
 21.75  -0.0000326   0.0003686
 21.76  -0.0000082   0.0003468
 21.77   0.0000193   0.0003245
 21.78   0.0000492   0.0003026
 21.79   0.0000807   0.0002817
 21.80   0.0001132   0.0002624
 21.81   0.0001458   0.0002456
 21.82   0.0001780   0.0002318
 21.83   0.0002090   0.0002217
 21.84   0.0002330   0.0002286
 21.85   0.0002513   0.0002484
 21.86   0.0002671   0.0002718
 21.87   0.0002803   0.0002982
 21.88   0.0002905   0.0003268
 21.89   0.0002978   0.0003570
 21.90   0.0003019   0.0003879
 21.91   0.0003027   0.0004190
 21.92   0.0003000   0.0004495
 21.93   0.0002934   0.0004784
 21.94   0.0002746   0.0004922
 21.95   0.0002523   0.0005041
 21.96   0.0002270   0.0005143
 21.97   0.0001991   0.0005231
 21.98   0.0001689   0.0005306
 21.99   0.0001368   0.0005370
 22.00   0.0001033   0.0005425
 22.01   0.0000687   0.0005471
 22.02   0.0000335   0.0005512
 22.03  -0.0000014   0.0005552
 22.04  -0.0000354   0.0005596
 22.05  -0.0000690   0.0005638
 22.06  -0.0001018   0.0005680
 22.07  -0.0001336   0.0005723
 22.08  -0.0001640   0.0005769
 22.09  -0.0001928   0.0005818
 22.10  -0.0002196   0.0005871
 22.11  -0.0002442   0.0005931
 22.12  -0.0002662   0.0005997
 22.13  -0.0002816   0.0006102
 22.14  -0.0002918   0.0006234
 22.15  -0.0002991   0.0006372
 22.16  -0.0003035   0.0006514
 22.17  -0.0003051   0.0006657
 22.18  -0.0003039   0.0006800
 22.19  -0.0003001   0.0006940
 22.20  -0.0002937   0.0007077
 22.21  -0.0002847   0.0007208
 22.22  -0.0002732   0.0007330
 22.23  -0.0002602   0.0007433
 22.24  -0.0002450   0.0007523
 22.25  -0.0002274   0.0007599
 22.26  -0.0002073   0.0007662
 22.27  -0.0001848   0.0007710
 22.28  -0.0001598   0.0007741
 22.29  -0.0001324   0.0007755
 22.30  -0.0001026   0.0007751
 22.31  -0.0000702   0.0007726
 22.32  -0.0000354   0.0007680
 22.33   0.0000082   0.0007501
 22.34   0.0000550   0.0007287
 22.35   0.0001035   0.0007062
 22.36   0.0001532   0.0006833
 22.37   0.0002036   0.0006607
 22.38   0.0002544   0.0006390
 22.39   0.0003051   0.0006189
 22.40   0.0003552   0.0006011
 22.41   0.0004044   0.0005862
 22.42   0.0004521   0.0005749
 22.43   0.0004932   0.0005798
 22.44   0.0005313   0.0005911
 22.45   0.0005673   0.0006064
 22.46   0.0006010   0.0006256
 22.47   0.0006323   0.0006484
 22.48   0.0006611   0.0006748
 22.49   0.0006873   0.0007044
 22.50   0.0007107   0.0007372
 22.51   0.0007313   0.0007729
 22.52   0.0007490   0.0008114
 22.53   0.0007643   0.0008604
 22.54   0.0007766   0.0009140
 22.55   0.0007855   0.0009688
 22.56   0.0007909   0.0010240
 22.57   0.0007925   0.0010786
 22.58   0.0007902   0.0011320
 22.59   0.0007838   0.0011833
 22.60   0.0007732   0.0012317
 22.61   0.0007582   0.0012764
 22.62   0.0007386   0.0013166
 22.63   0.0007046   0.0013401
 22.64   0.0006586   0.0013491
 22.65   0.0006089   0.0013529
 22.66   0.0005565   0.0013520
 22.67   0.0005022   0.0013466
 22.68   0.0004467   0.0013372
 22.69   0.0003909   0.0013240
 22.70   0.0003356   0.0013076
 22.71   0.0002816   0.0012882
 22.72   0.0002297   0.0012661
 22.73   0.0001862   0.0012401
 22.74   0.0001602   0.0012075
 22.75   0.0001375   0.0011739
 22.76   0.0001178   0.0011399
 22.77   0.0001007   0.0011064
 22.78   0.0000860   0.0010739
 22.79   0.0000735   0.0010433
 22.80   0.0000627   0.0010153
 22.81   0.0000536   0.0009906
 22.82   0.0000457   0.0009699
 22.83   0.0000388   0.0009540
 22.84   0.0000245   0.0009619
 22.85   0.0000101   0.0009772
 22.86  -0.0000032   0.0009973
 22.87  -0.0000151   0.0010219
 22.88  -0.0000255   0.0010505
 22.89  -0.0000341   0.0010827
 22.90  -0.0000406   0.0011181
 22.91  -0.0000449   0.0011563
 22.92  -0.0000468   0.0011968
 22.93  -0.0000459   0.0012394
 22.94  -0.0000356   0.0012812
 22.95  -0.0000137   0.0013210
 22.96   0.0000105   0.0013621
 22.97   0.0000363   0.0014042
 22.98   0.0000631   0.0014473
 22.99   0.0000904   0.0014912
 23.00   0.0001174   0.0015360
 23.01   0.0001436   0.0015814
 23.02   0.0001684   0.0016274
 23.03   0.0001912   0.0016738
 23.04   0.0002114   0.0017207
 23.05   0.0002161   0.0017684
 23.06   0.0002155   0.0018163
 23.07   0.0002118   0.0018642
 23.08   0.0002053   0.0019119
 23.09   0.0001960   0.0019594
 23.10   0.0001842   0.0020065
 23.11   0.0001699   0.0020530
 23.12   0.0001534   0.0020988
 23.13   0.0001348   0.0021437
 23.14   0.0001143   0.0021877
 23.15   0.0000924   0.0022309
 23.16   0.0000700   0.0022740
 23.17   0.0000461   0.0023156
 23.18   0.0000208   0.0023555
 23.19  -0.0000059   0.0023935
 23.20  -0.0000339   0.0024294
 23.21  -0.0000632   0.0024629
 23.22  -0.0000935   0.0024939
 23.23  -0.0001249   0.0025221
 23.24  -0.0001573   0.0025473
 23.25  -0.0001906   0.0025693
 23.26  -0.0002331   0.0025829
 23.27  -0.0002879   0.0025862
 23.28  -0.0003418   0.0025865
 23.29  -0.0003938   0.0025842
 23.30  -0.0004427   0.0025797
 23.31  -0.0004875   0.0025733
 23.32  -0.0005270   0.0025654
 23.33  -0.0005600   0.0025565
 23.34  -0.0005855   0.0025469
 23.35  -0.0006024   0.0025370
 23.36  -0.0006095   0.0025272
 23.37  -0.0005775   0.0025250
 23.38  -0.0005120   0.0025292
 23.39  -0.0004372   0.0025337
 23.40  -0.0003546   0.0025382
 23.41  -0.0002657   0.0025425
 23.42  -0.0001718   0.0025462
 23.43  -0.0000744   0.0025493
 23.44   0.0000250   0.0025513
 23.45   0.0001250   0.0025520
 23.46   0.0002242   0.0025511
 23.47   0.0003210   0.0025485
 23.48   0.0003977   0.0025400
 23.49   0.0004580   0.0025266
 23.50   0.0005139   0.0025112
 23.51   0.0005653   0.0024937
 23.52   0.0006121   0.0024742
 23.53   0.0006544   0.0024529
 23.54   0.0006919   0.0024297
 23.55   0.0007248   0.0024047
 23.56   0.0007530   0.0023779
 23.57   0.0007764   0.0023495
 23.58   0.0007949   0.0023195
 23.59   0.0008083   0.0022857
 23.60   0.0008164   0.0022484
 23.61   0.0008197   0.0022100
 23.62   0.0008180   0.0021707
 23.63   0.0008114   0.0021309
 23.64   0.0007998   0.0020908
 23.65   0.0007833   0.0020506
 23.66   0.0007619   0.0020108
 23.67   0.0007354   0.0019715
 23.68   0.0007040   0.0019329
 23.69   0.0006675   0.0018955
 23.70   0.0006191   0.0018621
 23.71   0.0005518   0.0018354
 23.72   0.0004808   0.0018101
 23.73   0.0004071   0.0017862
 23.74   0.0003316   0.0017635
 23.75   0.0002554   0.0017419
 23.76   0.0001794   0.0017213
 23.77   0.0001046   0.0017017
 23.78   0.0000321   0.0016829
 23.79  -0.0000372   0.0016649
 23.80  -0.0001023   0.0016475
 23.81  -0.0001611   0.0016312
 23.82  -0.0001912   0.0016264
 23.83  -0.0002152   0.0016214
 23.84  -0.0002333   0.0016156
 23.85  -0.0002455   0.0016083
 23.86  -0.0002520   0.0015987
 23.87  -0.0002529   0.0015864
 23.88  -0.0002483   0.0015707
 23.89  -0.0002383   0.0015508
 23.90  -0.0002231   0.0015262
 23.91  -0.0002027   0.0014962
 23.92  -0.0001773   0.0014602
 23.93  -0.0001438   0.0013886
 23.94  -0.0001039   0.0012957
 23.95  -0.0000597   0.0011981
 23.96  -0.0000116   0.0010972
 23.97   0.0000402   0.0009944
 23.98   0.0000953   0.0008909
 23.99   0.0001533   0.0007883
 24.00   0.0002140   0.0006878
 24.01   0.0002769   0.0005909
 24.02   0.0003418   0.0004989
 24.03   0.0004083   0.0004132
 24.04   0.0004775   0.0003408
 24.05   0.0005548   0.0003079
 24.06   0.0006322   0.0002836
 24.07   0.0007091   0.0002676
 24.08   0.0007847   0.0002598
 24.09   0.0008582   0.0002597
 24.10   0.0009290   0.0002673
 24.11   0.0009963   0.0002821
 24.12   0.0010593   0.0003040
 24.13   0.0011174   0.0003327
 24.14   0.0011698   0.0003679
 24.15   0.0012158   0.0004094
 24.16   0.0012402   0.0004622
 24.17   0.0012452   0.0005249
 24.18   0.0012433   0.0005924
 24.19   0.0012350   0.0006642
 24.20   0.0012208   0.0007394
 24.21   0.0012010   0.0008174
 24.22   0.0011762   0.0008976
 24.23   0.0011468   0.0009792
 24.24   0.0011132   0.0010615
 24.25   0.0010759   0.0011439
 24.26   0.0010352   0.0012257
 24.27   0.0009918   0.0013061
 24.28   0.0009463   0.0013719
 24.29   0.0008990   0.0014326
 24.30   0.0008501   0.0014912
 24.31   0.0008001   0.0015476
 24.32   0.0007494   0.0016019
 24.33   0.0006984   0.0016539
 24.34   0.0006475   0.0017037
 24.35   0.0005972   0.0017514
 24.36   0.0005479   0.0017968
 24.37   0.0004999   0.0018399
 24.38   0.0004538   0.0018809
 24.39   0.0004099   0.0019196
 24.40   0.0003679   0.0019615
 24.41   0.0003290   0.0020011
 24.42   0.0002936   0.0020380
 24.43   0.0002623   0.0020719
 24.44   0.0002354   0.0021025
 24.45   0.0002136   0.0021296
 24.46   0.0001971   0.0021529
 24.47   0.0001865   0.0021723
 24.48   0.0001822   0.0021874
 24.49   0.0001847   0.0021979
 24.50   0.0001945   0.0022037
 24.51   0.0002123   0.0022039
 24.52   0.0002575   0.0021700
 24.53   0.0003105   0.0021319
 24.54   0.0003710   0.0020903
 24.55   0.0004385   0.0020464
 24.56   0.0005128   0.0020012
 24.57   0.0005934   0.0019555
 24.58   0.0006800   0.0019104
 24.59   0.0007722   0.0018668
 24.60   0.0008697   0.0018258
 24.61   0.0009722   0.0017883
 24.62   0.0010791   0.0017552
 24.63   0.0011902   0.0017276
 24.64   0.0013135   0.0017311
 24.65   0.0014404   0.0017423
 24.66   0.0015698   0.0017600
 24.67   0.0017007   0.0017839
 24.68   0.0018327   0.0018141
 24.69   0.0019648   0.0018503
 24.70   0.0020965   0.0018925
 24.71   0.0022269   0.0019406
 24.72   0.0023554   0.0019946
 24.73   0.0024812   0.0020544
 24.74   0.0026036   0.0021197
 24.75   0.0027218   0.0021907
 24.76   0.0028303   0.0022735
 24.77   0.0029318   0.0023634
 24.78   0.0030274   0.0024582
 24.79   0.0031166   0.0025572
 24.80   0.0031992   0.0026601
 24.81   0.0032744   0.0027665
 24.82   0.0033420   0.0028759
 24.83   0.0034015   0.0029880
 24.84   0.0034523   0.0031022
 24.85   0.0034940   0.0032182
 24.86   0.0035262   0.0033356
 24.87   0.0035483   0.0034538
 24.88   0.0035397   0.0035724
 24.89   0.0034948   0.0036906
 24.90   0.0034410   0.0038086
 24.91   0.0033798   0.0039259
 24.92   0.0033124   0.0040420
 24.93   0.0032403   0.0041566
 24.94   0.0031647   0.0042693
 24.95   0.0030872   0.0043797
 24.96   0.0030089   0.0044874
 24.97   0.0029313   0.0045920
 24.98   0.0028558   0.0046931
 24.99   0.0027837   0.0047902
 25.00   0.0027163   0.0048830
 25.01   0.0026716   0.0049680
 25.02   0.0026338   0.0050479
 25.03   0.0026036   0.0051225
 25.04   0.0025817   0.0051916
 25.05   0.0025689   0.0052549
 25.06   0.0025658   0.0053121
 25.07   0.0025732   0.0053629
 25.08   0.0025917   0.0054071
 25.09   0.0026222   0.0054443
 25.10   0.0026654   0.0054744
 25.11   0.0027219   0.0054969
 25.12   0.0027924   0.0055118
 25.13   0.0028966   0.0055042
 25.14   0.0030397   0.0054704
 25.15   0.0031968   0.0054298
 25.16   0.0033671   0.0053832
 25.17   0.0035495   0.0053318
 25.18   0.0037432   0.0052763
 25.19   0.0039473   0.0052179
 25.20   0.0041609   0.0051574
 25.21   0.0043832   0.0050959
 25.22   0.0046131   0.0050342
 25.23   0.0048499   0.0049734
 25.24   0.0050926   0.0049144
 25.25   0.0053403   0.0048581
 25.26   0.0056056   0.0048106
 25.27   0.0058783   0.0047692
 25.28   0.0061522   0.0047331
 25.29   0.0064257   0.0047029
 25.30   0.0066973   0.0046794
 25.31   0.0069653   0.0046633
 25.32   0.0072283   0.0046553
 25.33   0.0074847   0.0046561
 25.34   0.0077329   0.0046664
 25.35   0.0079713   0.0046870
 25.36   0.0081984   0.0047185
 25.37   0.0084126   0.0047617
 25.38   0.0086124   0.0048173
 25.39   0.0087482   0.0049357
 25.40   0.0088645   0.0050699
 25.41   0.0089651   0.0052151
 25.42   0.0090505   0.0053699
 25.43   0.0091208   0.0055331
 25.44   0.0091764   0.0057036
 25.45   0.0092175   0.0058800
 25.46   0.0092446   0.0060612
 25.47   0.0092579   0.0062459
 25.48   0.0092578   0.0064329
 25.49   0.0092444   0.0066210
 25.50   0.0092181   0.0068090
 25.51   0.0091793   0.0069956
 25.52   0.0091081   0.0071450
 25.53   0.0090252   0.0072911
 25.54   0.0089321   0.0074346
 25.55   0.0088297   0.0075755
 25.56   0.0087192   0.0077139
 25.57   0.0086016   0.0078497
 25.58   0.0084778   0.0079831
 25.59   0.0083490   0.0081140
 25.60   0.0082162   0.0082424
 25.61   0.0080804   0.0083685
 25.62   0.0079427   0.0084923
 25.63   0.0078040   0.0086137
 25.64   0.0076655   0.0087328
 25.65   0.0075134   0.0088309
 25.66   0.0073624   0.0089254
 25.67   0.0072156   0.0090189
 25.68   0.0070747   0.0091124
 25.69   0.0069413   0.0092065
 25.70   0.0068171   0.0093020
 25.71   0.0067035   0.0093996
 25.72   0.0066023   0.0095002
 25.73   0.0065150   0.0096045
 25.74   0.0064433   0.0097131
 25.75   0.0063887   0.0098270
 25.76   0.0063528   0.0099467
 25.77   0.0063373   0.0100732
 25.78   0.0064066   0.0102277
 25.79   0.0065271   0.0103993
 25.80   0.0066675   0.0105783
 25.81   0.0068265   0.0107642
 25.82   0.0070024   0.0109569
 25.83   0.0071938   0.0111560
 25.84   0.0073990   0.0113613
 25.85   0.0076166   0.0115724
 25.86   0.0078450   0.0117893
 25.87   0.0080827   0.0120114
 25.88   0.0083280   0.0122387
 25.89   0.0085796   0.0124707
 25.90   0.0088359   0.0127073
 25.91   0.0090871   0.0129495
 25.92   0.0093236   0.0131986
 25.93   0.0095612   0.0134513
 25.94   0.0097991   0.0137070
 25.95   0.0100367   0.0139654
 25.96   0.0102732   0.0142261
 25.97   0.0105080   0.0144886
 25.98   0.0107403   0.0147526
 25.99   0.0109694   0.0150175
 26.00   0.0111945   0.0152831
 26.01   0.0114151   0.0155488
 26.02   0.0116302   0.0158142
 26.03   0.0118393   0.0160790
 26.04   0.0120417   0.0163427
 26.05   0.0122771   0.0165828
 26.06   0.0125112   0.0168173
 26.07   0.0127335   0.0170510
 26.08   0.0129417   0.0172843
 26.09   0.0131336   0.0175177
 26.10   0.0133067   0.0177516
 26.11   0.0134589   0.0179865
 26.12   0.0135877   0.0182229
 26.13   0.0136909   0.0184610
 26.14   0.0137662   0.0187015
 26.15   0.0138112   0.0189448
 26.16   0.0138237   0.0191912
 26.17   0.0138014   0.0194413
 26.18   0.0137003   0.0196784
 26.19   0.0133941   0.0198520
 26.20   0.0130538   0.0200338
 26.21   0.0126837   0.0202268
 26.22   0.0122883   0.0204344
 26.23   0.0118719   0.0206597
 26.24   0.0114388   0.0209058
 26.25   0.0109935   0.0211759
 26.26   0.0105402   0.0214733
 26.27   0.0100834   0.0218012
 26.28   0.0096274   0.0221626
 26.29   0.0091766   0.0225608
 26.30   0.0087353   0.0229990
 26.31   0.0083079   0.0234803
 26.32   0.0079567   0.0240768
 26.33   0.0077058   0.0248155
 26.34   0.0074760   0.0255999
 26.35   0.0072674   0.0264281
 26.36   0.0070800   0.0272980
 26.37   0.0069140   0.0282078
 26.38   0.0067693   0.0291556
 26.39   0.0066460   0.0301393
 26.40   0.0065442   0.0311572
 26.41   0.0064640   0.0322071
 26.42   0.0064054   0.0332873
 26.43   0.0063685   0.0343957
 26.44   0.0063534   0.0355305
 26.45   0.0063601   0.0366896
 26.46   0.0063789   0.0379100
 26.47   0.0064102   0.0391891
 26.48   0.0064643   0.0404833
 26.49   0.0065420   0.0417883
 26.50   0.0066439   0.0430997
 26.51   0.0067708   0.0444133
 26.52   0.0069231   0.0457247
 26.53   0.0071018   0.0470296
 26.54   0.0073073   0.0483237
 26.55   0.0075404   0.0496026
 26.56   0.0078018   0.0508619
 26.57   0.0080920   0.0520975
 26.58   0.0084118   0.0533050
 26.59   0.0087619   0.0544799
 26.60   0.0092601   0.0555478
 26.61   0.0099450   0.0564816
 26.62   0.0106507   0.0573768
 26.63   0.0113697   0.0582340
 26.64   0.0120943   0.0590538
 26.65   0.0128171   0.0598368
 26.66   0.0135302   0.0605837
 26.67   0.0142263   0.0612951
 26.68   0.0148976   0.0619717
 26.69   0.0155365   0.0626140
 26.70   0.0161355   0.0632226
 26.71   0.0166870   0.0637983
 26.72   0.0171833   0.0643416
 26.73   0.0176169   0.0648532
 26.74   0.0178849   0.0652947
 26.75   0.0177048   0.0655545
 26.76   0.0174550   0.0657909
 26.77   0.0171416   0.0660102
 26.78   0.0167709   0.0662186
 26.79   0.0163489   0.0664224
 26.80   0.0158819   0.0666278
 26.81   0.0153759   0.0668411
 26.82   0.0148372   0.0670686
 26.83   0.0142719   0.0673164
 26.84   0.0136861   0.0675909
 26.85   0.0130861   0.0678983
 26.86   0.0124779   0.0682449
 26.87   0.0118678   0.0686368
 26.88   0.0112619   0.0690804
 26.89   0.0106663   0.0695819
 26.90   0.0100872   0.0701476
 26.91   0.0095308   0.0707837
 26.92   0.0090032   0.0714964
 26.93   0.0085105   0.0722921
 26.94   0.0080590   0.0731769
 26.95   0.0076548   0.0741571
 26.96   0.0073041   0.0752390
 26.97   0.0070129   0.0764289
 26.98   0.0067875   0.0777329
 26.99   0.0066341   0.0791573
 27.00   0.0065587   0.0807084
 27.01   0.0065676   0.0823925
 27.02   0.0066668   0.0842157
 27.03   0.0068626   0.0861843
 27.04   0.0071611   0.0883047
 27.05   0.0075685   0.0905830
 27.06   0.0080909   0.0930255
 27.07   0.0087345   0.0956384
 27.08   0.0095055   0.0984280
 27.09   0.0104099   0.1014006
 27.10   0.0114540   0.1045623
 27.11   0.0126439   0.1079195
 27.12   0.0139858   0.1114785
 27.13   0.0154858   0.1152453
 27.14   0.0171500   0.1192264
 27.15   0.0189848   0.1234280
 27.16   0.0209961   0.1278562
 27.17   0.0231902   0.1325175
 27.18   0.0255732   0.1374179
 27.19   0.0281513   0.1425638
 27.20   0.0309306   0.1479614
 27.21   0.0339173   0.1536171
 27.22   0.0371176   0.1595369
 27.23   0.0405375   0.1657272
 27.24   0.0441833   0.1721942
 27.25   0.0480612   0.1789442
 27.26   0.0521772   0.1859835
 27.27   0.0565375   0.1933182
 27.28   0.0611484   0.2009547
 27.29   0.0660159   0.2088992
 27.30   0.0711462   0.2171579
 27.31   0.0765454   0.2257371
 27.32   0.0822198   0.2346430
 27.33   0.0881755   0.2438820
 27.34   0.0944186   0.2534602
 27.35   0.1009553   0.2633839
 27.36   0.1077918   0.2736593
 27.37   0.1149341   0.2842928
 27.38   0.1223886   0.2952905
 27.39   0.1301612   0.3066587
 27.40   0.1382583   0.3184037
 27.41   0.1466859   0.3305317
 27.42   0.1554501   0.3430490
 27.43   0.1645573   0.3559618
 27.44   0.1740134   0.3692764
 27.45   0.1838248   0.3829990
 27.46   0.1939974   0.3971358
 27.47   0.2045376   0.4116932
 27.48   0.2154513   0.4266774
 27.49   0.2267449   0.4420946
 27.50   0.2384245   0.4579511
